{
 "cells": [
  {
   "cell_type": "markdown",
   "metadata": {},
   "source": [
    "# Solving elasticity problems using JuliaFEM\n",
    "\n",
    "Author(s): Jukka Aho\n",
    "\n",
    "**Abstract**: A workflow to solve typical elasticity problem. This document also tries to give some quidelines how to develop JuliaFEM."
   ]
  },
  {
   "cell_type": "markdown",
   "metadata": {},
   "source": [
    "## Bottom-up design\n",
    "\n",
    "We go piece by piece starting from something simple and going up to more complicated programming model."
   ]
  },
  {
   "cell_type": "markdown",
   "metadata": {},
   "source": [
    "*Design principle 1*: we introduce new ideas using Notebooks."
   ]
  },
  {
   "cell_type": "markdown",
   "metadata": {},
   "source": [
    "*Design principle 2*: we use ``Logging``. Forget ``println``."
   ]
  },
  {
   "cell_type": "code",
   "execution_count": 1,
   "metadata": {
    "collapsed": false
   },
   "outputs": [
    {
     "data": {
      "text/plain": [
       "Logger(root,DEBUG,Pipe(open, 0 bytes waiting),root)"
      ]
     },
     "execution_count": 1,
     "metadata": {},
     "output_type": "execute_result"
    }
   ],
   "source": [
    "using Logging\n",
    "Logging.configure(level=DEBUG)"
   ]
  },
  {
   "cell_type": "markdown",
   "metadata": {},
   "source": [
    "*Design principle 3*: we write docstrings using [numpy style](https://github.com/numpy/numpy/blob/master/doc/HOWTO_DOCUMENT.rst.txt).\n",
    "\n",
    "*Design principle 4*: we don't use greek characters in code which is implemented to JuliaFEM. In notebooks they are ok.\n",
    "\n",
    "*Design principle 5*: we use 4 space indentation like in Python.\n",
    "\n",
    "First we write some elementary functions to calculate stiffness matrix."
   ]
  },
  {
   "cell_type": "code",
   "execution_count": 2,
   "metadata": {
    "collapsed": false
   },
   "outputs": [
    {
     "data": {
      "text/plain": [
       "calc_local_matrices! (generic function with 1 method)"
      ]
     },
     "execution_count": 2,
     "metadata": {},
     "output_type": "execute_result"
    }
   ],
   "source": [
    "\"\"\"\n",
    "Calculate local tangent stiffness matrix and residual force vector\n",
    "R = T - F for elasticity problem.\n",
    "\n",
    "Parameters\n",
    "----------\n",
    "X : Element coordinates\n",
    "u : Displacement field\n",
    "R : Residual force vector\n",
    "K : Tangent stiffness matrix\n",
    "basis : Basis functions\n",
    "dbasis : Derivative of basis functions\n",
    "lambda : Material parameter\n",
    "mu : Material parameter\n",
    "ipoints : integration points\n",
    "iweights : integration weights\n",
    "\n",
    "Returns\n",
    "-------\n",
    "None\n",
    "\n",
    "Notes\n",
    "-----\n",
    "If material parameters are given in list, they are interpolated to gauss\n",
    "points using shape functions.\n",
    "\n",
    "Examples\n",
    "--------\n",
    "\n",
    "\"\"\"\n",
    "function calc_local_matrices!(X, u, R, K, basis, dbasis, lambda_, mu_, ipoints, iweights)\n",
    "    dim, nnodes = size(X)\n",
    "    I = eye(dim)\n",
    "    R[:,:] = 0.0\n",
    "    K[:,:] = 0.0\n",
    "\n",
    "    dF = zeros(dim, dim)\n",
    "\n",
    "    for m = 1:length(iweights)\n",
    "        w = iweights[m]\n",
    "        xi = ipoints[m, :]\n",
    "        # calculate material parameters\n",
    "        lambda = typeof(lambda_) == Float64 ? lambda_ : dot(lambda_, basis(xi))\n",
    "        mu = typeof(mu_) == Float64 ? mu_ : dot(mu_, basis(xi))\n",
    "        Jt = X*dbasis(xi)\n",
    "        detJ = det(Jt)\n",
    "        dbasisdX = dbasis(xi)*inv(Jt)\n",
    "\n",
    "        gradu = u*dbasisdX\n",
    "        F = I + gradu  # Deformation gradient\n",
    "        E = 1/2*(gradu' + gradu + gradu'*gradu)  # Green-Lagrange strain tensor\n",
    "        S = lambda*trace(E)*I + 2*mu*E  # PK2 stress tensor\n",
    "        P = F*S  # PK1 stress tensor\n",
    "\n",
    "        R[:,:] += w*P*dbasisdX'*detJ\n",
    "\n",
    "        for p = 1:nnodes\n",
    "            for i = 1:dim\n",
    "                dF[:,:] = 0.0\n",
    "                dF[i,:] = dbasisdX[p,:]\n",
    "                dE = 1/2*(F'*dF + dF'*F)\n",
    "                dS = lambda*trace(dE)*I + 2*mu*dE\n",
    "                dP = dF*S + F*dS\n",
    "                for q = 1:nnodes\n",
    "                    for j = 1:dim\n",
    "                        K[dim*(p-1)+i,dim*(q-1)+j] += w*(dP[j,:]*dbasisdX[q,:]')[1]*detJ\n",
    "                    end\n",
    "                end\n",
    "            end\n",
    "        end\n",
    "\n",
    "    end\n",
    "end"
   ]
  },
  {
   "cell_type": "markdown",
   "metadata": {},
   "source": [
    "*Design principle 6*: we test our code. We use FactCheck for testing."
   ]
  },
  {
   "cell_type": "code",
   "execution_count": 3,
   "metadata": {
    "collapsed": true
   },
   "outputs": [],
   "source": [
    "using FactCheck"
   ]
  },
  {
   "cell_type": "code",
   "execution_count": 4,
   "metadata": {
    "collapsed": false
   },
   "outputs": [
    {
     "name": "stdout",
     "output_type": "stream",
     "text": [
      "test solve one element model\n"
     ]
    },
    {
     "name": "stderr",
     "output_type": "stream",
     "text": [
      "10-Aug 19:18:44:DEBUG:root:Converged in 6 iterations.\n",
      "10-Aug 19:18:45:DEBUG:root:solution vector: \n",
      " [0.0 -0.39914506095474317 -0.07228582695592449 0.0\n",
      " 0.0 -2.1779892317073504 -2.222244754401764 0.0]\n",
      "10-Aug 19:18:45:DEBUG:root:norm of u: 3.1292483947150043\n",
      "10-Aug 19:18:45:DEBUG:root:Converged in 6 iterations.\n",
      "10-Aug 19:18:45:DEBUG:root:solution vector: \n",
      " [0.0 0.7433248532717793 1.0485210147234858 0.0\n",
      " 0.0 -2.085766534304891 -1.9606633242166027 0.0]\n",
      "10-Aug 19:18:45:DEBUG:root:norm of u: 3.129248394715006\n"
     ]
    },
    {
     "name": "stdout",
     "output_type": "stream",
     "text": [
      "2 facts verified.\n"
     ]
    },
    {
     "data": {
      "text/plain": [
       "delayed_handler (generic function with 4 methods)"
      ]
     },
     "execution_count": 4,
     "metadata": {},
     "output_type": "execute_result"
    }
   ],
   "source": [
    "facts(\"test solve one element model\") do\n",
    "    X = [0.0 0.0; 10.0 0.0; 10.0 1.0; 0.0 1.0]'\n",
    "    F = [0 0; 0 0; 0 -2; 0 0]'\n",
    "\n",
    "    # Material properties\n",
    "    E = 90\n",
    "    nu = 0.25\n",
    "    mu = E/(2*(1+nu))\n",
    "    la = E*nu/((1+nu)*(1-2*nu))\n",
    "    la = 2*la*mu/(la + 2*mu)\n",
    "\n",
    "    u = zeros(2, 4)\n",
    "    du = zeros(2, 4)\n",
    "    R = zeros(2, 4)\n",
    "    K = zeros(8, 8)\n",
    "\n",
    "    basis(xi) = [\n",
    "        (1-xi[1])*(1-xi[2])/4\n",
    "        (1+xi[1])*(1-xi[2])/4\n",
    "        (1+xi[1])*(1+xi[2])/4\n",
    "        (1-xi[1])*(1+xi[2])/4]\n",
    "\n",
    "    dbasis(xi) = [-(1-xi[2])/4.0    -(1-xi[1])/4.0\n",
    "                   (1-xi[2])/4.0    -(1+xi[1])/4.0\n",
    "                   (1+xi[2])/4.0     (1+xi[1])/4.0\n",
    "                  -(1+xi[2])/4.0     (1-xi[1])/4.0]\n",
    "\n",
    "    ipoints = 1/sqrt(3)*[-1 -1; 1 -1; 1 1; -1 1]\n",
    "    iweights = [1, 1, 1, 1]\n",
    "    free_dofs = [3, 4, 5, 6]\n",
    "\n",
    "    for i=1:10\n",
    "        calc_local_matrices!(X, u, R, K, basis, dbasis, la, mu, ipoints, iweights)\n",
    "        du[free_dofs] = K[free_dofs, free_dofs] \\ -(R - F)[free_dofs]\n",
    "        u += du\n",
    "        if norm(du) < 1.0e-9\n",
    "            Logging.debug(\"Converged in $i iterations.\")\n",
    "            break\n",
    "        end\n",
    "    end\n",
    "\n",
    "    # Tested against Elmer solution\n",
    "    Logging.debug(\"solution vector: \\n $u\")\n",
    "    @fact u[2, 3] => roughly(-2.222244754401764)\n",
    "    norm1 = norm(u)\n",
    "    Logging.debug(\"norm of u: $(norm(u))\")\n",
    "\n",
    "    # We rotate model a bit and make sure that L2 norm is same\n",
    "    phi = 30/180*pi\n",
    "    rmat = [\n",
    "        cos(phi) -sin(phi)\n",
    "        sin(phi)  cos(phi)]\n",
    "    X = rmat*X\n",
    "    F = rmat*F\n",
    "    u = zeros(2, 4)\n",
    "    for i=1:10\n",
    "        calc_local_matrices!(X, u, R, K, basis, dbasis, la, mu, ipoints, iweights)\n",
    "        du[free_dofs] = K[free_dofs, free_dofs] \\ -(R - F)[free_dofs]\n",
    "        u += du\n",
    "        if norm(du) < 1.0e-9\n",
    "            Logging.debug(\"Converged in $i iterations.\")\n",
    "            break\n",
    "        end\n",
    "    end\n",
    "    Logging.debug(\"solution vector: \\n $u\")\n",
    "    Logging.debug(\"norm of u: $(norm(u))\")\n",
    "    @fact norm(u) => roughly(norm1) \n",
    "end"
   ]
  },
  {
   "cell_type": "markdown",
   "metadata": {},
   "source": [
    "One element solutions are not particularly interesting so next step is to create function that assembles global matrix from local matrices. Some data types:"
   ]
  },
  {
   "cell_type": "code",
   "execution_count": 55,
   "metadata": {
    "collapsed": false
   },
   "outputs": [],
   "source": [
    "#type Node\n",
    "#    id :: Int\n",
    "#    #elements :: Array{Int64, 1}\n",
    "#end"
   ]
  },
  {
   "cell_type": "code",
   "execution_count": 6,
   "metadata": {
    "collapsed": false
   },
   "outputs": [],
   "source": [
    "type Element\n",
    "    id :: Int\n",
    "    node_ids :: Array{Int64, 1}\n",
    "    coordinates :: Array{Float64, 2}\n",
    "    attributes :: Dict{ASCIIString, Any}\n",
    "end"
   ]
  },
  {
   "cell_type": "code",
   "execution_count": 7,
   "metadata": {
    "collapsed": false
   },
   "outputs": [],
   "source": [
    "type Assembly\n",
    "    # LHS\n",
    "    I :: Array{Int64, 1}\n",
    "    J :: Array{Int64, 1}\n",
    "    A :: Array{Float64, 1}\n",
    "    # RHS\n",
    "    i :: Array{Int64, 1}\n",
    "    b :: Array{Float64, 1}\n",
    "    # global dofs for each element\n",
    "    gdofs :: Dict{Int64, Array{Int64, 1}}\n",
    "end"
   ]
  },
  {
   "cell_type": "code",
   "execution_count": 56,
   "metadata": {
    "collapsed": false
   },
   "outputs": [
    {
     "data": {
      "text/plain": [
       "get_integration_scheme (generic function with 2 methods)"
      ]
     },
     "execution_count": 56,
     "metadata": {},
     "output_type": "execute_result"
    }
   ],
   "source": [
    "\"\"\"\n",
    "Return shape functions and their derivatives for a element.\n",
    "\n",
    "Parameters\n",
    "----------\n",
    "element::Element\n",
    "\n",
    "Returns\n",
    "-------\n",
    "tuple (basis, dbasis)\n",
    "\"\"\"\n",
    "function get_shape_functions(el::Element)\n",
    "    ndim, nnodes = size(el.coordinates)\n",
    "    #Logging.debug(\"ndim = $ndim, nnodes=$nnodes\")\n",
    "    if (nnodes == 4) & (ndim == 2)\n",
    "        basis(xi) = [\n",
    "            (1-xi[1])*(1-xi[2])/4\n",
    "            (1+xi[1])*(1-xi[2])/4\n",
    "            (1+xi[1])*(1+xi[2])/4\n",
    "            (1-xi[1])*(1+xi[2])/4]\n",
    "        dbasis(xi) = [-(1-xi[2])/4.0    -(1-xi[1])/4.0\n",
    "                       (1-xi[2])/4.0    -(1+xi[1])/4.0\n",
    "                       (1+xi[2])/4.0     (1+xi[1])/4.0\n",
    "                      -(1+xi[2])/4.0     (1-xi[1])/4.0]\n",
    "        return basis, dbasis\n",
    "    elseif (nnodes == 10) & (ndim == 3)\n",
    "        basis(xi) = [(xi[1] + xi[2] + xi[3] - 1)*(2*xi[1] + 2*xi[2] + 2*xi[3] - 1)\n",
    "                                        -xi[1]*(-2*xi[1] + 1)\n",
    "                                        -xi[2]*(-2*xi[2] + 1)\n",
    "                                        -xi[3]*(-2*xi[3] + 1)\n",
    "                         4*xi[1]*(-xi[1] - xi[2] - xi[3] + 1)\n",
    "                                                4*xi[1]*xi[2]\n",
    "                         4*xi[2]*(-xi[1] - xi[2] - xi[3] + 1)\n",
    "                                                4*xi[1]*xi[3]\n",
    "                                                4*xi[2]*xi[3]\n",
    "                         4*xi[3]*(-xi[1] - xi[2] - xi[3] + 1)]\n",
    "\n",
    "        dbasis(xi) = [\n",
    "            4*xi[1] + 4*xi[2] + 4*xi[3] - 3   4*xi[1] + 4*xi[2] + 4*xi[3] - 3   4*xi[1] + 4*xi[2] + 4*xi[3] - 3\n",
    "                             4*xi[1] - 1                                0                                0\n",
    "                                       0                      4*xi[2] - 1                                0\n",
    "                                       0                                0                      4*xi[3] - 1\n",
    "        -8*xi[1] - 4*xi[2] - 4*xi[3] + 4                         -4*xi[1]                         -4*xi[1]\n",
    "                                 4*xi[2]                          4*xi[1]                                0\n",
    "                                -4*xi[2]  -4*xi[1] - 8*xi[2] - 4*xi[3] + 4                         -4*xi[2]\n",
    "                                 4*xi[3]                                0                          4*xi[1]\n",
    "                                       0                          4*xi[3]                          4*xi[2]\n",
    "                                -4*xi[3]                         -4*xi[3] -4*xi[1] - 4*xi[2] - 8*xi[3] + 4]\n",
    "        return basis, dbasis\n",
    "    end\n",
    "    throw(\"Unknown function space, ndim=$ndim, nnodes=$nnodes\")\n",
    "end\n",
    "\n",
    "\"\"\"\n",
    "\"\"\"\n",
    "function get_integration_scheme(el::Element, order=2)\n",
    "    ndim, nnodes = size(el.coordinates)\n",
    "    if (nnodes == 4) & (order == 2) & (ndim == 2)\n",
    "        ipoints = 1/sqrt(3)*[-1 -1; 1 -1; 1 1; -1 1]\n",
    "        iweights = [1, 1, 1, 1]\n",
    "        return ipoints, iweights\n",
    "    elseif (nnodes == 10) & (order == 2) & (ndim == 3) # c3d10\n",
    "        # from code aster documentation\n",
    "        a = 1/20*(5-sqrt(5))\n",
    "        b = 1/20*(5+3*sqrt(5))\n",
    "        ipoints = [a a a; a a b; a b a; b a a]\n",
    "        iweights = 1/24*[1 1 1 1]\n",
    "        return ipoints, iweights\n",
    "    end\n",
    "end"
   ]
  },
  {
   "cell_type": "code",
   "execution_count": 79,
   "metadata": {
    "collapsed": false
   },
   "outputs": [
    {
     "data": {
      "text/plain": [
       "assemble_element! (generic function with 2 methods)"
      ]
     },
     "execution_count": 79,
     "metadata": {},
     "output_type": "execute_result"
    }
   ],
   "source": [
    "function assemble_element!(ass::Assembly, el::Element, io=2)\n",
    "\n",
    "    # Material properties\n",
    "    E = el.attributes[\"Young\"]\n",
    "    nu = el.attributes[\"Poisson\"]\n",
    "    mu = E/(2*(1+nu))\n",
    "    la = E*nu/((1+nu)*(1-2*nu))\n",
    "    la = 2*la*mu/(la + 2*mu)\n",
    "\n",
    "    dofs = prod(size(el.coordinates))\n",
    "    X = el.coordinates\n",
    "    u = el.attributes[\"displacement\"]\n",
    "    R = el.attributes[\"displacement nodal force\"]\n",
    "    K = el.attributes[\"displacement tangent stiffness\"]\n",
    "\n",
    "    gdofs = ass.gdofs[el.id]\n",
    "    Logging.debug(\"Assemble element to gdofs $gdofs\")\n",
    "    basis, dbasis = get_shape_functions(el)\n",
    "    ipoints, iweights = get_integration_scheme(el, io)\n",
    "    calc_local_matrices!(X, u, R, K, basis, dbasis, la, mu, ipoints, iweights)\n",
    "\n",
    "    for i=1:dofs\n",
    "        for j=1:dofs\n",
    "            push!(ass.I, gdofs[i])\n",
    "            push!(ass.J, gdofs[j])\n",
    "            push!(ass.A, K[i,j])\n",
    "        end\n",
    "        push!(ass.i, gdofs[i])\n",
    "        push!(ass.b, R[i])\n",
    "    end\n",
    "end"
   ]
  },
  {
   "cell_type": "markdown",
   "metadata": {},
   "source": [
    "Time to test again. From last test we know that correct solution is\n",
    "\n",
    "    [0.0 -0.39914506095474317 -0.07228582695592449 0.0\n",
    "     0.0 -2.1779892317073504  -2.222244754401764   0.0]\n",
    "\n",
    "This time we assemble global stiffness matrix in different order, 2 3 4 1"
   ]
  },
  {
   "cell_type": "code",
   "execution_count": 58,
   "metadata": {
    "collapsed": false
   },
   "outputs": [
    {
     "name": "stdout",
     "output_type": "stream",
     "text": [
      "one element assembly\n"
     ]
    },
    {
     "name": "stderr",
     "output_type": "stream",
     "text": [
      "10-Aug 21:03:06:DEBUG:root:Adding nodes to array\n",
      "10-Aug 21:03:06:DEBUG:root:Creating elements\n",
      "10-Aug 21:03:06:DEBUG:root:Starting iteration 1\n",
      "10-Aug 21:03:06:DEBUG:root:Assembling\n",
      "10-Aug 21:03:06:DEBUG:root:Solution norm = 3.090022136728999\n",
      "10-Aug 21:03:06:DEBUG:root:Starting iteration 2\n",
      "10-Aug 21:03:06:DEBUG:root:Assembling\n",
      "10-Aug 21:03:06:DEBUG:root:Solution norm = 0.3212131602153504\n",
      "10-Aug 21:03:06:DEBUG:root:Starting iteration 3\n",
      "10-Aug 21:03:06:DEBUG:root:Assembling\n",
      "10-Aug 21:03:06:DEBUG:root:Solution norm = 0.040431781940005365\n",
      "10-Aug 21:03:06:DEBUG:root:Starting iteration 4\n",
      "10-Aug 21:03:06:DEBUG:root:Assembling\n",
      "10-Aug 21:03:06:DEBUG:root:Solution norm = 0.0009291101052064257\n",
      "10-Aug 21:03:06:DEBUG:root:Starting iteration 5\n",
      "10-Aug 21:03:06:DEBUG:root:Assembling\n",
      "10-Aug 21:03:06:DEBUG:root:Solution norm = 1.5638899025378415e-7\n",
      "10-Aug 21:03:06:DEBUG:root:Starting iteration 6\n",
      "10-Aug 21:03:06:DEBUG:root:Assembling\n",
      "10-Aug 21:03:06:DEBUG:root:Solution norm = 1.0355045356935844e-14\n",
      "10-Aug 21:03:06:DEBUG:root:Converged in 6 iterations.\n",
      "10-Aug 21:03:06:DEBUG:root:Displacement of element = \n",
      "[-0.39914506095474334 -0.07228582695592464 0.0 0.0\n",
      " -2.1779892317073504 -2.222244754401764 0.0 0.0]\n"
     ]
    },
    {
     "data": {
      "text/plain": [
       "delayed_handler (generic function with 4 methods)"
      ]
     },
     "execution_count": 58,
     "metadata": {},
     "output_type": "execute_result"
    },
    {
     "name": "stdout",
     "output_type": "stream",
     "text": [
      "1 fact verified.\n"
     ]
    }
   ],
   "source": [
    "facts(\"one element assembly\") do\n",
    "    # Create model\n",
    "    #Logging.debug(\"Creating nodes\")\n",
    "    #n1 = Node(1)\n",
    "    #n2 = Node(2)\n",
    "    #n3 = Node(3)\n",
    "    #n4 = Node(4)\n",
    "    Logging.debug(\"Adding nodes to array\")\n",
    "    #nodes = [n1.id, n2.id, n3.id, n4.id]\n",
    "    node_ids = [1, 2, 3, 4]\n",
    "    coordinates = [10.0 0.0; 10.0 1.0; 0.0 1.0; 0.0 0.0]'\n",
    "    attributes = Dict(\"Young\" => 90, \"Poisson\" => 0.25)\n",
    "    Logging.debug(\"Creating elements\")\n",
    "    el = Element(1, node_ids, coordinates, attributes)\n",
    "\n",
    "    # Initialize elements ready for solution\n",
    "    el.attributes[\"displacement\"] = zeros(2, 4)\n",
    "    el.attributes[\"displacement nodal force\"] = zeros(2, 4)\n",
    "    el.attributes[\"displacement tangent stiffness\"] = zeros(8, 8)\n",
    "\n",
    "    for i=1:10\n",
    "        Logging.debug(\"Starting iteration $i\")\n",
    "        ass = Assembly(Int64[], Int64[], Float64[], Int64[], Float64[], Dict{Int64,Array{Int64,1}}())\n",
    "        ass.gdofs[el.id] = [1, 2, 3, 4, 5, 6, 7, 8]\n",
    "        Logging.debug(\"Assembling\")\n",
    "        assemble_element!(ass, el)\n",
    "\n",
    "        # Boundary conditions\n",
    "        F = [0 0; 0 -2; 0 0; 0 0]'\n",
    "        F = reshape(F, prod(size(F)))\n",
    "        free_dofs = [1, 2, 3, 4]\n",
    "\n",
    "        # solution\n",
    "        K = sparse(ass.I, ass.J, ass.A)\n",
    "        R = full(sparsevec(ass.i, ass.b))\n",
    "        R = R - F\n",
    "        du = zeros(8) # must be determined from ass\n",
    "        du[free_dofs] = K[free_dofs, free_dofs] \\ -R[free_dofs]\n",
    "\n",
    "        Logging.debug(\"Solution norm = $(norm(du))\")\n",
    "\n",
    "        # update solution back to elements\n",
    "        eldu = du[ass.gdofs[el.id]]\n",
    "        eldu = reshape(eldu, (2, round(Int, length(eldu)/2)))\n",
    "        el.attributes[\"displacement\"] += eldu\n",
    "        if norm(du) < 1.0e-9\n",
    "            Logging.debug(\"Converged in $i iterations.\")\n",
    "            break\n",
    "        end\n",
    "    end\n",
    "    disp = el.attributes[\"displacement\"]\n",
    "    Logging.debug(\"Displacement of element = \\n$disp\")\n",
    "    @fact norm(disp) => roughly(3.1292483947150043)\n",
    "end"
   ]
  },
  {
   "cell_type": "markdown",
   "metadata": {},
   "source": [
    "Seems to be working. But we still need to handle boundary conditions more \"cleverly\" and generalize assembly to several elements (which is not problem).\n",
    "\n",
    "First of all, essential boundary conditions are nothing more than equality constraints saying that value for some degree of freedom is fixed. Elimination is just a special case when this value equals to zero. There is couple of different strategies to handle essential boundary conditions. One option is to force them using Lagrange multipliers which can also be used to create all kind of kinematic constraints also. (For example, contact can be considered as a kinematic constraint.) Another option is to manipulate matrix such a way that constraint is satisfied.\n",
    "\n",
    "Because we are now going \"bottom-up\", we develop something extremely simple that however deals with the problem:"
   ]
  },
  {
   "cell_type": "code",
   "execution_count": 14,
   "metadata": {
    "collapsed": false
   },
   "outputs": [],
   "source": [
    "type BC\n",
    "    dofs :: Array{Int64, 1}\n",
    "    values :: Array{Float64, 1}\n",
    "end"
   ]
  },
  {
   "cell_type": "code",
   "execution_count": 82,
   "metadata": {
    "collapsed": false,
    "scrolled": false
   },
   "outputs": [
    {
     "name": "stdout",
     "output_type": "stream",
     "text": [
      "solve one element problem\n"
     ]
    },
    {
     "name": "stderr",
     "output_type": "stream",
     "text": [
      "10-Aug 22:55:49:DEBUG:root:Creating nodes\n",
      "10-Aug 22:55:49:DEBUG:root:Creating elements\n",
      "10-Aug 22:55:49:INFO:root:create_ldof2gdofmap: dofs per node: 2\n",
      "10-Aug 22:55:49:DEBUG:root:Dict(4=>[7,8],2=>[3,4],3=>[5,6],1=>[1,2])\n",
      "10-Aug 22:55:50:INFO:root:solve!: dofs per node: 2\n",
      "10-Aug 22:55:50:DEBUG:root:Problem size = 8\n",
      "10-Aug 22:55:50:DEBUG:root:Starting iteration 1\n",
      "10-Aug 22:55:50:DEBUG:root:Assembling\n",
      "10-Aug 22:55:50:DEBUG:root:Assemble element to gdofs [1,2,3,4,5,6,7,8]\n"
     ]
    },
    {
     "name": "stdout",
     "output_type": "stream",
     "text": [
      "Element stiffness matrix\n"
     ]
    },
    {
     "name": "stderr",
     "output_type": "stream",
     "text": [
      "10-Aug 22:55:50:DEBUG:root:Adding Dirichlet boundary conditions\n",
      "10-Aug 22:55:50:DEBUG:root:dof 5 => 0.0\n",
      "10-Aug 22:55:50:DEBUG:root:dof 6 => 0.0\n",
      "10-Aug 22:55:50:DEBUG:root:dof 7 => 0.0\n",
      "10-Aug 22:55:50:DEBUG:root:dof 8 => 0.0\n",
      "10-Aug 22:55:50:DEBUG:root:Added 4 Lagrange multipliers to model\n",
      "10-Aug 22:55:50:DEBUG:root:Adding Neumann boundary conditions\n",
      "10-Aug 22:55:50:DEBUG:root:Solving system of equations. Total size = 12\n",
      "10-Aug 22:55:50:DEBUG:root:nothing\n",
      "10-Aug 22:55:50:DEBUG:root:nothing\n",
      "10-Aug 22:55:50:DEBUG:root:Solution norm = 3.0900221367289444\n",
      "10-Aug 22:55:50:DEBUG:root:Starting iteration 2\n",
      "10-Aug 22:55:50:DEBUG:root:Assembling\n",
      "10-Aug 22:55:50:DEBUG:root:Assemble element to gdofs [1,2,3,4,5,6,7,8]\n",
      "10-Aug 22:55:50:DEBUG:root:Adding Dirichlet boundary conditions\n",
      "10-Aug 22:55:50:DEBUG:root:dof 5 => 0.0\n",
      "10-Aug 22:55:50:DEBUG:root:dof 6 => 0.0\n",
      "10-Aug 22:55:50:DEBUG:root:dof 7 => 0.0\n",
      "10-Aug 22:55:50:DEBUG:root:dof 8 => 0.0\n",
      "10-Aug 22:55:50:DEBUG:root:Added 4 Lagrange multipliers to model\n",
      "10-Aug 22:55:50:DEBUG:root:Adding Neumann boundary conditions\n",
      "10-Aug 22:55:50:DEBUG:root:Solving system of equations. Total size = 12\n",
      "10-Aug 22:55:50:DEBUG:root:nothing\n",
      "10-Aug 22:55:50:DEBUG:root:nothing\n",
      "10-Aug 22:55:50:DEBUG:root:Solution norm = 0.32121316021534363\n",
      "10-Aug 22:55:50:DEBUG:root:Starting iteration 3\n",
      "10-Aug 22:55:50:DEBUG:root:Assembling\n",
      "10-Aug 22:55:50:DEBUG:root:Assemble element to gdofs [1,2,3,4,5,6,7,8]\n",
      "10-Aug 22:55:50:DEBUG:root:Adding Dirichlet boundary conditions\n",
      "10-Aug 22:55:50:DEBUG:root:dof 5 => 0.0\n",
      "10-Aug 22:55:50:DEBUG:root:dof 6 => 0.0\n",
      "10-Aug 22:55:50:DEBUG:root:dof 7 => 0.0\n",
      "10-Aug 22:55:50:DEBUG:root:dof 8 => 0.0\n",
      "10-Aug 22:55:50:DEBUG:root:Added 4 Lagrange multipliers to model\n",
      "10-Aug 22:55:50:DEBUG:root:Adding Neumann boundary conditions\n",
      "10-Aug 22:55:50:DEBUG:root:Solving system of equations. Total size = 12\n",
      "10-Aug 22:55:50:DEBUG:root:nothing\n",
      "10-Aug 22:55:50:DEBUG:root:nothing\n",
      "10-Aug 22:55:50:DEBUG:root:Solution norm = 0.04043178194002483\n",
      "10-Aug 22:55:50:DEBUG:root:Starting iteration 4\n"
     ]
    },
    {
     "name": "stdout",
     "output_type": "stream",
     "text": [
      "Array(Float64,(8,8)) 8x8 Array{Float64,2}:\n",
      "  123.2   -15.0  -118.4   -03.0   -61.6    15.0    56.8    03.0\n",
      "  -15.0   321.2    03.0  -319.4    15.0  -160.6   -03.0   158.8\n",
      " -118.4    03.0   123.2    15.0    56.8   -03.0   -61.6   -15.0\n",
      "  -03.0  -319.4    15.0   321.2    03.0   158.8   -15.0  -160.6\n",
      "  -61.6    15.0    56.8    03.0   123.2   -15.0  -118.4   -03.0\n",
      "   15.0  -160.6   -03.0   158.8   -15.0   321.2    03.0  -319.4\n",
      "   56.8   -03.0   -61.6   -15.0  -118.4    03.0   123.2    15.0\n",
      "   03.0   158.8   -15.0  -160.6   -03.0  -319.4    15.0   321.2\n",
      "Array(Float64,(12,12)) 12x12 Array{Float64,2}:\n",
      "  123.2   -15.0  -118.4   -03.0   -61.6    15.0    56.8    03.0  0.0  0.0  0.0  0.0\n",
      "  -15.0   321.2    03.0  -319.4    15.0  -160.6   -03.0   158.8  0.0  0.0  0.0  0.0\n",
      " -118.4    03.0   123.2    15.0    56.8   -03.0   -61.6   -15.0  0.0  0.0  0.0  0.0\n",
      "  -03.0  -319.4    15.0   321.2    03.0   158.8   -15.0  -160.6  0.0  0.0  0.0  0.0\n",
      "  -61.6    15.0    56.8    03.0   123.2   -15.0  -118.4   -03.0  1.0  0.0  0.0  0.0\n",
      "   15.0  -160.6   -03.0   158.8   -15.0   321.2    03.0  -319.4  0.0  1.0  0.0  0.0\n",
      "   56.8   -03.0   -61.6   -15.0  -118.4    03.0   123.2    15.0  0.0  0.0  1.0  0.0\n",
      "   03.0   158.8   -15.0  -160.6   -03.0  -319.4    15.0   321.2  0.0  0.0  0.0  1.0\n",
      "    0.0     0.0     0.0     0.0     1.0     0.0     0.0     0.0  0.0  0.0  0.0  0.0\n",
      "    0.0     0.0     0.0     0.0     0.0     1.0     0.0     0.0  0.0  0.0  0.0  0.0\n",
      "    0.0     0.0     0.0     0.0     0.0     0.0     1.0     0.0  0.0  0.0  0.0  0.0\n",
      "    0.0     0.0     0.0     0.0     0.0     0.0     0.0     1.0  0.0  0.0  0.0  0.0\n",
      "Array(Float64,(1,12)) 1x12 Array{Float64,2}:\n",
      " 0.0  0.0  0.0  02.0  0.0  0.0  0.0  0.0  0.0  0.0  0.0  0.0\n",
      "Element stiffness matrix\n",
      "Array(Float64,(8,8)) 8x8 Array{Float64,2}:\n",
      "  147.61    36.88  -149.16   -55.03   -66.97     1.91    68.52    16.24\n",
      "   36.88   343.08   -48.76  -334.42     1.81  -174.07    10.06   165.4 \n",
      " -149.16   -48.76   160.72    65.4     63.17    10.41   -74.73   -27.06\n",
      "  -55.03  -334.42    65.4    330.06    16.65   163.39   -27.02  -159.04\n",
      "  -66.97     1.81    63.17    16.65   128.11   -15.44  -124.3     -3.03\n",
      "    1.91  -174.07    10.41   163.39   -15.44   338.21     3.11  -327.53\n",
      "   68.52    10.06   -74.73   -27.02  -124.3      3.11   130.51    13.85\n",
      "   16.24   165.4    -27.06  -159.04    -3.03  -327.53    13.85   321.16\n",
      "Array(Float64,(12,12)) 12x12 Array{Float64,2}:\n",
      "  147.6    36.9  -149.2   -55.0   -67.0     1.9    68.5    16.2  0.0  0.0  0.0  0.0\n",
      "   36.9   343.1   -48.8  -334.4     1.8  -174.1    10.1   165.4  0.0  0.0  0.0  0.0\n",
      " -149.2   -48.8   160.7    65.4    63.2    10.4   -74.7   -27.1  0.0  0.0  0.0  0.0\n",
      "  -55.0  -334.4    65.4   330.1    16.7   163.4   -27.0  -159.0  0.0  0.0  0.0  0.0\n",
      "  -67.0     1.8    63.2    16.7   128.1   -15.4  -124.3   -03.0  1.0  0.0  0.0  0.0\n",
      "    1.9  -174.1    10.4   163.4   -15.4   338.2     3.1  -327.5  0.0  1.0  0.0  0.0\n",
      "   68.5    10.1   -74.7   -27.0  -124.3     3.1   130.5    13.8  0.0  0.0  1.0  0.0\n",
      "   16.2   165.4   -27.1  -159.0   -03.0  -327.5    13.8   321.2  0.0  0.0  0.0  1.0\n",
      "    0.0     0.0     0.0     0.0     1.0     0.0     0.0     0.0  0.0  0.0  0.0  0.0\n",
      "    0.0     0.0     0.0     0.0     0.0     1.0     0.0     0.0  0.0  0.0  0.0  0.0\n",
      "    0.0     0.0     0.0     0.0     0.0     0.0     1.0     0.0  0.0  0.0  0.0  0.0\n",
      "    0.0     0.0     0.0     0.0     0.0     0.0     0.0     1.0  0.0  0.0  0.0  0.0\n",
      "Array(Float64,(1,12)) 1x12 Array{Float64,2}:\n",
      " -2.3  -15.7  05.0  15.2  -20.2  12.2  17.5  -9.6  0.0  0.0  0.0  0.0\n",
      "Element stiffness matrix\n",
      "Array(Float64,(8,8)) 8x8 Array{Float64,2}:\n",
      "  131.01    35.45  -132.72   -52.73   -60.29     1.77    62.0     15.51\n",
      "   35.45   313.79   -46.75  -305.49     1.71  -163.9      9.58   155.6 \n",
      " -132.72   -46.75   143.74    62.55    56.75    10.12   -67.77   -25.93\n",
      "  -52.73  -305.49    62.55   301.12    16.11   153.51   -25.93  -149.13\n",
      "  -60.29     1.71    56.75    16.11   117.72   -14.75  -114.18    -3.07\n",
      "    1.77  -163.9     10.12   153.51   -14.75   327.07     2.86  -316.69\n",
      "   62.0      9.58   -67.77   -25.93  -114.18     2.86   119.94    13.49\n",
      "   15.51   155.6    -25.93  -149.13    -3.07  -316.69    13.49   310.22\n",
      "Array(Float64,(12,12)) 12x12 Array{Float64,2}:\n",
      "  131.0    35.4  -132.7   -52.7   -60.3     1.8    62.0    15.5  0.0  0.0  0.0  0.0\n",
      "   35.4   313.8   -46.7  -305.5     1.7  -163.9     9.6   155.6  0.0  0.0  0.0  0.0\n",
      " -132.7   -46.7   143.7    62.6    56.7    10.1   -67.8   -25.9  0.0  0.0  0.0  0.0\n",
      "  -52.7  -305.5    62.6   301.1    16.1   153.5   -25.9  -149.1  0.0  0.0  0.0  0.0\n",
      "  -60.3     1.7    56.7    16.1   117.7   -14.8  -114.2    -3.1  1.0  0.0  0.0  0.0\n",
      "    1.8  -163.9    10.1   153.5   -14.8   327.1     2.9  -316.7  0.0  1.0  0.0  0.0\n",
      "   62.0     9.6   -67.8   -25.9  -114.2     2.9   119.9    13.5  0.0  0.0  1.0  0.0\n",
      "   15.5   155.6   -25.9  -149.1    -3.1  -316.7    13.5   310.2  0.0  0.0  0.0  1.0\n",
      "    0.0     0.0     0.0     0.0     1.0     0.0     0.0     0.0  0.0  0.0  0.0  0.0\n",
      "    0.0     0.0     0.0     0.0     0.0     1.0     0.0     0.0  0.0  0.0  0.0  0.0\n",
      "    0.0     0.0     0.0     0.0     0.0     0.0     1.0     0.0  0.0  0.0  0.0  0.0\n",
      "    0.0     0.0     0.0     0.0     0.0     0.0     0.0     1.0  0.0  0.0  0.0  0.0\n",
      "Array(Float64,(1,12)) 1x12 Array{Float64,2}:\n",
      " -0.0  -0.6  0.1  0.6  -19.7  3.2  19.6  -1.1  0.0  0.0  0.0  0.0\n"
     ]
    },
    {
     "name": "stderr",
     "output_type": "stream",
     "text": [
      "10-Aug 22:55:50:DEBUG:root:Assembling\n",
      "10-Aug 22:55:50:DEBUG:root:Assemble element to gdofs [1,2,3,4,5,6,7,8]\n",
      "10-Aug 22:55:50:DEBUG:root:Adding Dirichlet boundary conditions\n",
      "10-Aug 22:55:50:DEBUG:root:dof 5 => 0.0\n",
      "10-Aug 22:55:50:DEBUG:root:dof 6 => 0.0\n",
      "10-Aug 22:55:50:DEBUG:root:dof 7 => 0.0\n",
      "10-Aug 22:55:50:DEBUG:root:dof 8 => 0.0\n",
      "10-Aug 22:55:50:DEBUG:root:Added 4 Lagrange multipliers to model\n",
      "10-Aug 22:55:50:DEBUG:root:Adding Neumann boundary conditions\n",
      "10-Aug 22:55:50:DEBUG:root:Solving system of equations. Total size = 12\n",
      "10-Aug 22:55:50:DEBUG:root:nothing\n",
      "10-Aug 22:55:50:DEBUG:root:nothing\n",
      "10-Aug 22:55:50:DEBUG:root:Solution norm = 0.0009291101052060104\n",
      "10-Aug 22:55:50:DEBUG:root:Starting iteration 5\n",
      "10-Aug 22:55:50:DEBUG:root:Assembling\n",
      "10-Aug 22:55:50:DEBUG:root:Assemble element to gdofs [1,2,3,4,5,6,7,8]\n",
      "10-Aug 22:55:50:DEBUG:root:Adding Dirichlet boundary conditions\n",
      "10-Aug 22:55:50:DEBUG:root:dof 5 => 0.0\n",
      "10-Aug 22:55:50:DEBUG:root:dof 6 => 0.0\n",
      "10-Aug 22:55:50:DEBUG:root:dof 7 => 0.0\n",
      "10-Aug 22:55:50:DEBUG:root:dof 8 => 0.0\n",
      "10-Aug 22:55:50:DEBUG:root:Added 4 Lagrange multipliers to model\n",
      "10-Aug 22:55:50:DEBUG:root:Adding Neumann boundary conditions\n",
      "10-Aug 22:55:50:DEBUG:root:Solving system of equations. Total size = 12\n",
      "10-Aug 22:55:50:DEBUG:root:nothing\n",
      "10-Aug 22:55:50:DEBUG:root:nothing\n",
      "10-Aug 22:55:50:DEBUG:root:Solution norm = 1.563889898905983e-7\n",
      "10-Aug 22:55:50:DEBUG:root:Starting iteration 6\n",
      "10-Aug 22:55:50:DEBUG:root:Assembling\n",
      "10-Aug 22:55:50:DEBUG:root:Assemble element to gdofs [1,2,3,4,5,6,7,8]\n",
      "10-Aug 22:55:50:DEBUG:root:Adding Dirichlet boundary conditions\n",
      "10-Aug 22:55:50:DEBUG:root:dof 5 => 0.0\n",
      "10-Aug 22:55:50:DEBUG:root:dof 6 => 0.0\n",
      "10-Aug 22:55:50:DEBUG:root:dof 7 => 0.0\n",
      "10-Aug 22:55:50:DEBUG:root:dof 8 => 0.0\n",
      "10-Aug 22:55:50:DEBUG:root:Added 4 Lagrange multipliers to model\n",
      "10-Aug 22:55:50:DEBUG:root:Adding Neumann boundary conditions\n",
      "10-Aug 22:55:50:DEBUG:root:Solving system of equations. Total size = 12\n",
      "10-Aug 22:55:50:DEBUG:root:nothing\n",
      "10-Aug 22:55:50:DEBUG:root:nothing\n",
      "10-Aug 22:55:50:DEBUG:root:Solution norm = 1.2782462771683917e-14\n",
      "10-Aug 22:55:50:DEBUG:root:Converged in 6 iterations.\n",
      "10-Aug 22:55:50:DEBUG:root:Displacement of element = \n",
      "[-0.3991450609547439 -0.07228582695592495 0.0 0.0\n",
      " -2.1779892317073513 -2.2222447544017654 0.0 0.0]\n",
      "10-Aug 22:55:50:DEBUG:root:Creating elements\n"
     ]
    },
    {
     "name": "stdout",
     "output_type": "stream",
     "text": [
      "Element stiffness matrix\n",
      "Array(Float64,(8,8)) 8x8 Array{Float64,2}:\n",
      "  130.66    36.04  -132.46   -53.26   -60.05     1.58    61.86    15.64\n",
      "   36.04   312.24   -47.29  -303.89     1.52  -163.43     9.73   155.09\n",
      " -132.46   -47.29   143.55    63.02    56.54    10.29   -67.63   -26.02\n",
      "  -53.26  -303.89    63.02   299.46    16.27   152.96   -26.02  -148.53\n",
      "  -60.05     1.52    56.54    16.27   117.21   -14.68  -113.7     -3.11\n",
      "    1.58  -163.43    10.29   152.96   -14.68   326.61     2.81  -316.14\n",
      "   61.86     9.73   -67.63   -26.02  -113.7      2.81   119.47    13.49\n",
      "   15.64   155.09   -26.02  -148.53    -3.11  -316.14    13.49   309.58\n",
      "Array(Float64,(12,12)) 12x12 Array{Float64,2}:\n",
      "  130.7    36.0  -132.5   -53.3   -60.1     1.6    61.9    15.6  0.0  0.0  0.0  0.0\n",
      "   36.0   312.2   -47.3  -303.9     1.5  -163.4     9.7   155.1  0.0  0.0  0.0  0.0\n",
      " -132.5   -47.3   143.5    63.0    56.5    10.3   -67.6   -26.0  0.0  0.0  0.0  0.0\n",
      "  -53.3  -303.9    63.0   299.5    16.3   153.0   -26.0  -148.5  0.0  0.0  0.0  0.0\n",
      "  -60.1     1.5    56.5    16.3   117.2   -14.7  -113.7    -3.1  1.0  0.0  0.0  0.0\n",
      "    1.6  -163.4    10.3   153.0   -14.7   326.6     2.8  -316.1  0.0  1.0  0.0  0.0\n",
      "   61.9     9.7   -67.6   -26.0  -113.7     2.8   119.5    13.5  0.0  0.0  1.0  0.0\n",
      "   15.6   155.1   -26.0  -148.5    -3.1  -316.1    13.5   309.6  0.0  0.0  0.0  1.0\n",
      "    0.0     0.0     0.0     0.0     1.0     0.0     0.0     0.0  0.0  0.0  0.0  0.0\n",
      "    0.0     0.0     0.0     0.0     0.0     1.0     0.0     0.0  0.0  0.0  0.0  0.0\n",
      "    0.0     0.0     0.0     0.0     0.0     0.0     1.0     0.0  0.0  0.0  0.0  0.0\n",
      "    0.0     0.0     0.0     0.0     0.0     0.0     0.0     1.0  0.0  0.0  0.0  0.0\n",
      "Array(Float64,(1,12)) 1x12 Array{Float64,2}:\n",
      " 0.0  -0.0  -0.0  0.0  -19.9  2.8  19.9  -0.8  0.0  0.0  0.0  0.0\n",
      "Element stiffness matrix\n",
      "Array(Float64,(8,8)) 8x8 Array{Float64,2}:\n",
      "  130.66    36.06  -132.47   -53.28   -60.05     1.57    61.86    15.64\n",
      "   36.06   312.22   -47.3   -303.88     1.51  -163.43     9.73   155.08\n",
      " -132.47   -47.3    143.56    63.03    56.54    10.29   -67.63   -26.02\n",
      "  -53.28  -303.88    63.03   299.44    16.27   152.96   -26.02  -148.52\n",
      "  -60.05     1.51    56.54    16.27   117.21   -14.67  -113.69    -3.11\n",
      "    1.57  -163.43    10.29   152.96   -14.67   326.61     2.81  -316.14\n",
      "   61.86     9.73   -67.63   -26.02  -113.69     2.81   119.46    13.49\n",
      "   15.64   155.08   -26.02  -148.52    -3.11  -316.14    13.49   309.58\n",
      "Array(Float64,(12,12)) 12x12 Array{Float64,2}:\n",
      "  130.7    36.1  -132.5   -53.3   -60.1     1.6    61.9    15.6  0.0  0.0  0.0  0.0\n",
      "   36.1   312.2   -47.3  -303.9     1.5  -163.4     9.7   155.1  0.0  0.0  0.0  0.0\n",
      " -132.5   -47.3   143.6    63.0    56.5    10.3   -67.6   -26.0  0.0  0.0  0.0  0.0\n",
      "  -53.3  -303.9    63.0   299.4    16.3   153.0   -26.0  -148.5  0.0  0.0  0.0  0.0\n",
      "  -60.1     1.5    56.5    16.3   117.2   -14.7  -113.7    -3.1  1.0  0.0  0.0  0.0\n",
      "    1.6  -163.4    10.3   153.0   -14.7   326.6     2.8  -316.1  0.0  1.0  0.0  0.0\n",
      "   61.9     9.7   -67.6   -26.0  -113.7     2.8   119.5    13.5  0.0  0.0  1.0  0.0\n",
      "   15.6   155.1   -26.0  -148.5    -3.1  -316.1    13.5   309.6  0.0  0.0  0.0  1.0\n",
      "    0.0     0.0     0.0     0.0     1.0     0.0     0.0     0.0  0.0  0.0  0.0  0.0\n",
      "    0.0     0.0     0.0     0.0     0.0     1.0     0.0     0.0  0.0  0.0  0.0  0.0\n",
      "    0.0     0.0     0.0     0.0     0.0     0.0     1.0     0.0  0.0  0.0  0.0  0.0\n",
      "    0.0     0.0     0.0     0.0     0.0     0.0     0.0     1.0  0.0  0.0  0.0  0.0\n",
      "Array(Float64,(1,12)) 1x12 Array{Float64,2}:\n",
      " 0.0  -0.0  0.0  0.0  -19.9  2.8  19.9  -0.8  0.0  0.0  0.0  0.0\n",
      "Element stiffness matrix\n",
      "Array(Float64,(8,8)) 8x8 Array{Float64,2}:\n",
      "  130.66    36.06  -132.47   -53.28   -60.05     1.57    61.86    15.64\n",
      "   36.06   312.22   -47.3   -303.88     1.51  -163.43     9.73   155.08\n",
      " -132.47   -47.3    143.56    63.03    56.54    10.29   -67.63   -26.02\n",
      "  -53.28  -303.88    63.03   299.44    16.27   152.96   -26.02  -148.52\n",
      "  -60.05     1.51    56.54    16.27   117.21   -14.67  -113.69    -3.11\n",
      "    1.57  -163.43    10.29   152.96   -14.67   326.61     2.81  -316.14\n",
      "   61.86     9.73   -67.63   -26.02  -113.69     2.81   119.46    13.49\n",
      "   15.64   155.08   -26.02  -148.52    -3.11  -316.14    13.49   309.58\n",
      "Array(Float64,(12,12)) 12x12 Array{Float64,2}:\n",
      "  130.7    36.1  -132.5   -53.3   -60.1     1.6    61.9    15.6  0.0  0.0  0.0  0.0\n",
