1 1  3.810225013995637e-07
1 4  3.272530301320445e-08
4 1  3.272530301320445e-08
1 22  3.367836468650804e-08
22 1  3.367836468650804e-08
1 25  2.982538464545622e-08
25 1  2.982538464545622e-08
1 136  3.077844631875950e-08
136 1  3.077844631875950e-08
1 259  6.350375068390838e-08
259 1  6.350375068390838e-08
1 370 -1.789523055925000e-07
370 1 -1.789523055925000e-07
1 376 -8.947615165613094e-08
376 1 -8.947615165613094e-08
1 379 -1.963518219232343e-07
379 1 -1.963518219232343e-07
1 382 -1.309012158968257e-07
382 1 -1.309012158968257e-07
1 385 -2.540149973278568e-07
385 1 -2.540149973278568e-07
1 388 -1.193015363015871e-07
388 1 -1.193015363015871e-07
1 391 -1.231137841349200e-07
391 1 -1.231137841349200e-07
1 394 -1.846706767724406e-07
394 1 -1.846706767724406e-07
1 397 -8.947615165613117e-08
397 1 -8.947615165613117e-08
1 1075 -2.020701931031748e-07
1075 1 -2.020701931031748e-07
1 1078 -1.068756741111112e-07
1078 1 -1.068756741111112e-07
1 1252 -1.347134637301587e-07
1252 1 -1.347134637301587e-07
1 1549 -9.519452397619043e-08
1549 1 -9.519452397619043e-08
2 2  3.810225013995637e-07
2 5  3.272530301320445e-08
5 2  3.272530301320445e-08
2 23  3.367836468650804e-08
23 2  3.367836468650804e-08
2 26  2.982538464545622e-08
26 2  2.982538464545622e-08
2 137  3.077844631875950e-08
137 2  3.077844631875950e-08
2 260  6.350375068390838e-08
260 2  6.350375068390838e-08
2 371 -1.789523055925000e-07
371 2 -1.789523055925000e-07
2 377 -8.947615165613094e-08
377 2 -8.947615165613094e-08
2 380 -1.963518219232343e-07
380 2 -1.963518219232343e-07
2 383 -1.309012158968257e-07
383 2 -1.309012158968257e-07
2 386 -2.540149973278568e-07
386 2 -2.540149973278568e-07
2 389 -1.193015363015871e-07
389 2 -1.193015363015871e-07
2 392 -1.231137841349200e-07
392 2 -1.231137841349200e-07
2 395 -1.846706767724406e-07
395 2 -1.846706767724406e-07
2 398 -8.947615165613117e-08
398 2 -8.947615165613117e-08
2 1076 -2.020701931031748e-07
1076 2 -2.020701931031748e-07
2 1079 -1.068756741111112e-07
1079 2 -1.068756741111112e-07
2 1253 -1.347134637301587e-07
1253 2 -1.347134637301587e-07
2 1550 -9.519452397619043e-08
1550 2 -9.519452397619043e-08
3 3  3.810225013995637e-07
3 6  3.272530301320445e-08
6 3  3.272530301320445e-08
3 24  3.367836468650804e-08
24 3  3.367836468650804e-08
3 27  2.982538464545622e-08
27 3  2.982538464545622e-08
3 138  3.077844631875950e-08
138 3  3.077844631875950e-08
3 261  6.350375068390838e-08
261 3  6.350375068390838e-08
3 372 -1.789523055925000e-07
372 3 -1.789523055925000e-07
3 378 -8.947615165613094e-08
378 3 -8.947615165613094e-08
3 381 -1.963518219232343e-07
381 3 -1.963518219232343e-07
3 384 -1.309012158968257e-07
384 3 -1.309012158968257e-07
3 387 -2.540149973278568e-07
387 3 -2.540149973278568e-07
3 390 -1.193015363015871e-07
390 3 -1.193015363015871e-07
3 393 -1.231137841349200e-07
393 3 -1.231137841349200e-07
3 396 -1.846706767724406e-07
396 3 -1.846706767724406e-07
3 399 -8.947615165613117e-08
399 3 -8.947615165613117e-08
3 1077 -2.020701931031748e-07
1077 3 -2.020701931031748e-07
3 1080 -1.068756741111112e-07
1080 3 -1.068756741111112e-07
3 1254 -1.347134637301587e-07
1254 3 -1.347134637301587e-07
3 1551 -9.519452397619043e-08
1551 3 -9.519452397619043e-08
4 4  4.866479757354959e-07
4 13  3.309765034523820e-08
13 4  3.309765034523820e-08
4 22  3.562522138095264e-08
22 4  3.562522138095264e-08
4 25  3.019773197748991e-08
25 4  3.019773197748991e-08
4 139  3.057007930952374e-08
139 4  3.057007930952374e-08
4 259  8.110799742727118e-08
259 4  8.110799742727118e-08
4 364 -1.834204758571428e-07
364 4 -1.834204758571428e-07
4 367 -9.171023792857137e-08
367 4 -9.171023792857137e-08
4 370 -1.811863907248212e-07
370 4 -1.811863907248212e-07
4 376 -1.207909267698404e-07
376 4 -1.207909267698404e-07
4 379 -3.244319720528173e-07
379 4 -3.244319720528173e-07
4 382 -1.309012158968249e-07
382 4 -1.309012158968249e-07
4 385 -1.963518219232341e-07
385 4 -1.963518219232341e-07
4 388 -8.947615165613082e-08
388 4 -8.947615165613082e-08
4 1066 -1.323906063650797e-07
1066 4 -1.323906063650797e-07
4 1069 -1.985859070555557e-07
1069 4 -1.985859070555557e-07
4 1072 -1.068756741111110e-07
1072 4 -1.068756741111110e-07
4 1075 -2.137513382539686e-07
1075 4 -2.137513382539686e-07
4 1078 -1.425008954920638e-07
1078 4 -1.425008954920638e-07
4 1081 -1.222803172380952e-07
1081 4 -1.222803172380952e-07
4 1084 -9.171023792857155e-08
1084 4 -9.171023792857155e-08
4 1252 -1.068756741111110e-07
1252 4 -1.068756741111110e-07
5 5  4.866479757354959e-07
5 14  3.309765034523820e-08
14 5  3.309765034523820e-08
5 23  3.562522138095264e-08
23 5  3.562522138095264e-08
5 26  3.019773197748991e-08
26 5  3.019773197748991e-08
5 140  3.057007930952374e-08
140 5  3.057007930952374e-08
5 260  8.110799742727118e-08
260 5  8.110799742727118e-08
5 365 -1.834204758571428e-07
365 5 -1.834204758571428e-07
5 368 -9.171023792857137e-08
368 5 -9.171023792857137e-08
5 371 -1.811863907248212e-07
371 5 -1.811863907248212e-07
5 377 -1.207909267698404e-07
377 5 -1.207909267698404e-07
5 380 -3.244319720528173e-07
380 5 -3.244319720528173e-07
5 383 -1.309012158968249e-07
383 5 -1.309012158968249e-07
5 386 -1.963518219232341e-07
386 5 -1.963518219232341e-07
5 389 -8.947615165613082e-08
389 5 -8.947615165613082e-08
5 1067 -1.323906063650797e-07
1067 5 -1.323906063650797e-07
5 1070 -1.985859070555557e-07
1070 5 -1.985859070555557e-07
5 1073 -1.068756741111110e-07
1073 5 -1.068756741111110e-07
5 1076 -2.137513382539686e-07
1076 5 -2.137513382539686e-07
5 1079 -1.425008954920638e-07
1079 5 -1.425008954920638e-07
5 1082 -1.222803172380952e-07
1082 5 -1.222803172380952e-07
5 1085 -9.171023792857155e-08
1085 5 -9.171023792857155e-08
5 1253 -1.068756741111110e-07
1253 5 -1.068756741111110e-07
6 6  4.866479757354959e-07
6 15  3.309765034523820e-08
15 6  3.309765034523820e-08
6 24  3.562522138095264e-08
24 6  3.562522138095264e-08
6 27  3.019773197748991e-08
27 6  3.019773197748991e-08
6 141  3.057007930952374e-08
141 6  3.057007930952374e-08
6 261  8.110799742727118e-08
261 6  8.110799742727118e-08
6 366 -1.834204758571428e-07
366 6 -1.834204758571428e-07
6 369 -9.171023792857137e-08
369 6 -9.171023792857137e-08
6 372 -1.811863907248212e-07
372 6 -1.811863907248212e-07
6 378 -1.207909267698404e-07
378 6 -1.207909267698404e-07
6 381 -3.244319720528173e-07
381 6 -3.244319720528173e-07
6 384 -1.309012158968249e-07
384 6 -1.309012158968249e-07
6 387 -1.963518219232341e-07
387 6 -1.963518219232341e-07
6 390 -8.947615165613082e-08
390 6 -8.947615165613082e-08
6 1068 -1.323906063650797e-07
1068 6 -1.323906063650797e-07
6 1071 -1.985859070555557e-07
1071 6 -1.985859070555557e-07
6 1074 -1.068756741111110e-07
1074 6 -1.068756741111110e-07
6 1077 -2.137513382539686e-07
1077 6 -2.137513382539686e-07
6 1080 -1.425008954920638e-07
1080 6 -1.425008954920638e-07
6 1083 -1.222803172380952e-07
1083 6 -1.222803172380952e-07
6 1086 -9.171023792857155e-08
1086 6 -9.171023792857155e-08
6 1254 -1.068756741111110e-07
1254 6 -1.068756741111110e-07
7 7  4.808959553005777e-07
7 10  3.263595327395980e-08
10 7  3.263595327395980e-08
7 16  3.159221993248822e-08
16 7  3.159221993248822e-08
7 19  3.342960080317463e-08
19 7  3.342960080317463e-08
7 79  3.079857240327338e-08
79 7  3.079857240327338e-08
7 82  3.184230574474493e-08
82 7  3.184230574474493e-08
7 292  8.014932578573413e-08
292 7  8.014932578573413e-08
7 874 -1.958157190432798e-07
874 7 -1.958157190432798e-07
7 877 -1.305438124953601e-07
877 7 -1.305438124953601e-07
7 880 -3.205973043152819e-07
880 7 -3.205973043152819e-07
7 883 -1.273692213792915e-07
883 7 -1.273692213792915e-07
7 886 -1.910538328687816e-07
886 7 -1.910538328687816e-07
7 889 -9.552691563454662e-08
889 7 -9.552691563454662e-08
7 1177 -1.847914342345818e-07
1177 7 -1.847914342345818e-07
7 1180 -1.231942894280349e-07
1180 7 -1.231942894280349e-07
7 1183 -1.263688805441035e-07
1183 7 -1.263688805441035e-07
7 1186 -1.895533204090799e-07
1186 7 -1.895533204090799e-07
7 1189 -8.926451841497647e-08
1189 7 -8.926451841497647e-08
7 1192 -9.552691563454659e-08
1192 7 -9.552691563454659e-08
7 1525 -2.005776052177779e-07
1525 7 -2.005776052177779e-07
7 1531 -1.002888028082541e-07
1531 7 -1.002888028082541e-07
7 1534 -1.337184036114287e-07
1534 7 -1.337184036114287e-07
7 1540 -1.002888028082540e-07
1540 7 -1.002888028082540e-07
8 8  4.808959553005777e-07
8 11  3.263595327395980e-08
11 8  3.263595327395980e-08
8 17  3.159221993248822e-08
17 8  3.159221993248822e-08
8 20  3.342960080317463e-08
20 8  3.342960080317463e-08
8 80  3.079857240327338e-08
80 8  3.079857240327338e-08
8 83  3.184230574474493e-08
83 8  3.184230574474493e-08
8 293  8.014932578573413e-08
293 8  8.014932578573413e-08
8 875 -1.958157190432798e-07
875 8 -1.958157190432798e-07
8 878 -1.305438124953601e-07
878 8 -1.305438124953601e-07
8 881 -3.205973043152819e-07
881 8 -3.205973043152819e-07
8 884 -1.273692213792915e-07
884 8 -1.273692213792915e-07
8 887 -1.910538328687816e-07
887 8 -1.910538328687816e-07
8 890 -9.552691563454662e-08
890 8 -9.552691563454662e-08
8 1178 -1.847914342345818e-07
1178 8 -1.847914342345818e-07
8 1181 -1.231942894280349e-07
1181 8 -1.231942894280349e-07
8 1184 -1.263688805441035e-07
1184 8 -1.263688805441035e-07
8 1187 -1.895533204090799e-07
1187 8 -1.895533204090799e-07
8 1190 -8.926451841497647e-08
1190 8 -8.926451841497647e-08
8 1193 -9.552691563454659e-08
1193 8 -9.552691563454659e-08
8 1526 -2.005776052177779e-07
1526 8 -2.005776052177779e-07
8 1532 -1.002888028082541e-07
1532 8 -1.002888028082541e-07
8 1535 -1.337184036114287e-07
1535 8 -1.337184036114287e-07
8 1541 -1.002888028082540e-07
1541 8 -1.002888028082540e-07
9 9  4.808959553005777e-07
9 12  3.263595327395980e-08
12 9  3.263595327395980e-08
9 18  3.159221993248822e-08
18 9  3.159221993248822e-08
9 21  3.342960080317463e-08
21 9  3.342960080317463e-08
9 81  3.079857240327338e-08
81 9  3.079857240327338e-08
9 84  3.184230574474493e-08
84 9  3.184230574474493e-08
9 294  8.014932578573413e-08
294 9  8.014932578573413e-08
9 876 -1.958157190432798e-07
876 9 -1.958157190432798e-07
9 879 -1.305438124953601e-07
879 9 -1.305438124953601e-07
9 882 -3.205973043152819e-07
882 9 -3.205973043152819e-07
9 885 -1.273692213792915e-07
885 9 -1.273692213792915e-07
9 888 -1.910538328687816e-07
888 9 -1.910538328687816e-07
9 891 -9.552691563454662e-08
891 9 -9.552691563454662e-08
9 1179 -1.847914342345818e-07
1179 9 -1.847914342345818e-07
9 1182 -1.231942894280349e-07
1182 9 -1.231942894280349e-07
9 1185 -1.263688805441035e-07
1185 9 -1.263688805441035e-07
9 1188 -1.895533204090799e-07
1188 9 -1.895533204090799e-07
9 1191 -8.926451841497647e-08
1191 9 -8.926451841497647e-08
9 1194 -9.552691563454659e-08
1194 9 -9.552691563454659e-08
9 1527 -2.005776052177779e-07
1527 9 -2.005776052177779e-07
9 1533 -1.002888028082541e-07
1533 9 -1.002888028082541e-07
9 1536 -1.337184036114287e-07
1536 9 -1.337184036114287e-07
9 1542 -1.002888028082540e-07
1542 9 -1.002888028082540e-07
10 10  3.910962002388796e-07
10 19  3.298817322560705e-08
19 10  3.298817322560705e-08
10 82  3.219452569639218e-08
82 10  3.219452569639218e-08
10 196  3.254674564803946e-08
196 10  3.254674564803946e-08
10 292  6.518270059872012e-08
292 10  6.518270059872012e-08
10 874 -2.607307956879968e-07
874 10 -2.607307956879968e-07
10 877 -1.305438124953601e-07
877 10 -1.305438124953601e-07
10 880 -1.958157190432797e-07
880 10 -1.958157190432797e-07
10 883 -9.552691563454662e-08
883 10 -9.552691563454662e-08
10 886 -1.931671553554697e-07
886 10 -1.931671553554697e-07
10 889 -1.287781039626852e-07
889 10 -1.287781039626852e-07
10 1267 -1.952804778421579e-07
1267 10 -1.952804778421579e-07
10 1465 -9.764024089803950e-08
1465 10 -9.764024089803950e-08
10 1525 -1.979290415299679e-07
1525 10 -1.979290415299679e-07
10 1528 -9.764024089803951e-08
1528 10 -9.764024089803951e-08
10 1531 -1.319526950787538e-07
1531 10 -1.319526950787538e-07
10 1534 -1.002888028082540e-07
1534 10 -1.002888028082540e-07
10 1543 -1.301869865460789e-07
1543 10 -1.301869865460789e-07
11 11  3.910962002388796e-07
11 20  3.298817322560705e-08
20 11  3.298817322560705e-08
11 83  3.219452569639218e-08
83 11  3.219452569639218e-08
11 197  3.254674564803946e-08
197 11  3.254674564803946e-08
11 293  6.518270059872012e-08
293 11  6.518270059872012e-08
11 875 -2.607307956879968e-07
875 11 -2.607307956879968e-07
11 878 -1.305438124953601e-07
878 11 -1.305438124953601e-07
11 881 -1.958157190432797e-07
881 11 -1.958157190432797e-07
11 884 -9.552691563454662e-08
884 11 -9.552691563454662e-08
11 887 -1.931671553554697e-07
887 11 -1.931671553554697e-07
11 890 -1.287781039626852e-07
890 11 -1.287781039626852e-07
11 1268 -1.952804778421579e-07
1268 11 -1.952804778421579e-07
11 1466 -9.764024089803950e-08
1466 11 -9.764024089803950e-08
11 1526 -1.979290415299679e-07
1526 11 -1.979290415299679e-07
11 1529 -9.764024089803951e-08
1529 11 -9.764024089803951e-08
11 1532 -1.319526950787538e-07
1532 11 -1.319526950787538e-07
11 1535 -1.002888028082540e-07
1535 11 -1.002888028082540e-07
11 1544 -1.301869865460789e-07
1544 11 -1.301869865460789e-07
12 12  3.910962002388796e-07
12 21  3.298817322560705e-08
21 12  3.298817322560705e-08
12 84  3.219452569639218e-08
84 12  3.219452569639218e-08
12 198  3.254674564803946e-08
198 12  3.254674564803946e-08
12 294  6.518270059872012e-08
294 12  6.518270059872012e-08
12 876 -2.607307956879968e-07
876 12 -2.607307956879968e-07
12 879 -1.305438124953601e-07
879 12 -1.305438124953601e-07
12 882 -1.958157190432797e-07
882 12 -1.958157190432797e-07
12 885 -9.552691563454662e-08
885 12 -9.552691563454662e-08
12 888 -1.931671553554697e-07
888 12 -1.931671553554697e-07
12 891 -1.287781039626852e-07
891 12 -1.287781039626852e-07
12 1269 -1.952804778421579e-07
1269 12 -1.952804778421579e-07
12 1467 -9.764024089803950e-08
1467 12 -9.764024089803950e-08
12 1527 -1.979290415299679e-07
1527 12 -1.979290415299679e-07
12 1530 -9.764024089803951e-08
1530 12 -9.764024089803951e-08
12 1533 -1.319526950787538e-07
1533 12 -1.319526950787538e-07
12 1536 -1.002888028082540e-07
1536 12 -1.002888028082540e-07
12 1545 -1.301869865460789e-07
1545 12 -1.301869865460789e-07
13 13  3.934431325369441e-07
13 22  3.405071201854181e-08
22 13  3.405071201854181e-08
13 139  3.152314098282701e-08
139 13  3.152314098282701e-08
13 250  3.247620265613090e-08
250 13  3.247620265613090e-08
13 259  6.557385663355122e-08
259 13  6.557385663355122e-08
13 364 -1.891388470370831e-07
364 13 -1.891388470370831e-07
13 379 -1.985859070555556e-07
379 13 -1.985859070555556e-07
13 403 -1.948572182170237e-07
403 13 -1.948572182170237e-07
13 1066 -1.323906063650790e-07
1066 13 -1.323906063650790e-07
13 1069 -2.622954120054757e-07
1069 13 -2.622954120054757e-07
13 1072 -1.362028541984134e-07
1072 13 -1.362028541984134e-07
13 1075 -2.043042782354962e-07
1075 13 -2.043042782354962e-07
13 1078 -1.068756741111112e-07
1078 13 -1.068756741111112e-07
13 1081 -9.171023792857120e-08
1081 13 -9.171023792857120e-08
13 1084 -1.260925650714275e-07
1084 13 -1.260925650714275e-07
13 1450 -9.742861024863084e-08
1450 13 -9.742861024863084e-08
13 1453 -1.299048129047618e-07
1453 13 -1.299048129047618e-07
13 1477 -9.742861024863104e-08
1477 13 -9.742861024863104e-08
14 14  3.934431325369441e-07
14 23  3.405071201854181e-08
23 14  3.405071201854181e-08
14 140  3.152314098282701e-08
140 14  3.152314098282701e-08
14 251  3.247620265613090e-08
251 14  3.247620265613090e-08
14 260  6.557385663355122e-08
260 14  6.557385663355122e-08
14 365 -1.891388470370831e-07
365 14 -1.891388470370831e-07
14 380 -1.985859070555556e-07
380 14 -1.985859070555556e-07
14 404 -1.948572182170237e-07
404 14 -1.948572182170237e-07
14 1067 -1.323906063650790e-07
1067 14 -1.323906063650790e-07
14 1070 -2.622954120054757e-07
1070 14 -2.622954120054757e-07
14 1073 -1.362028541984134e-07
1073 14 -1.362028541984134e-07
14 1076 -2.043042782354962e-07
1076 14 -2.043042782354962e-07
14 1079 -1.068756741111112e-07
1079 14 -1.068756741111112e-07
14 1082 -9.171023792857120e-08
1082 14 -9.171023792857120e-08
14 1085 -1.260925650714275e-07
1085 14 -1.260925650714275e-07
14 1451 -9.742861024863084e-08
1451 14 -9.742861024863084e-08
14 1454 -1.299048129047618e-07
1454 14 -1.299048129047618e-07
14 1478 -9.742861024863104e-08
1478 14 -9.742861024863104e-08
15 15  3.934431325369441e-07
15 24  3.405071201854181e-08
24 15  3.405071201854181e-08
15 141  3.152314098282701e-08
141 15  3.152314098282701e-08
15 252  3.247620265613090e-08
252 15  3.247620265613090e-08
15 261  6.557385663355122e-08
261 15  6.557385663355122e-08
15 366 -1.891388470370831e-07
366 15 -1.891388470370831e-07
15 381 -1.985859070555556e-07
381 15 -1.985859070555556e-07
15 405 -1.948572182170237e-07
405 15 -1.948572182170237e-07
15 1068 -1.323906063650790e-07
1068 15 -1.323906063650790e-07
15 1071 -2.622954120054757e-07
1071 15 -2.622954120054757e-07
15 1074 -1.362028541984134e-07
1074 15 -1.362028541984134e-07
15 1077 -2.043042782354962e-07
1077 15 -2.043042782354962e-07
15 1080 -1.068756741111112e-07
1080 15 -1.068756741111112e-07
15 1083 -9.171023792857120e-08
1083 15 -9.171023792857120e-08
15 1086 -1.260925650714275e-07
1086 15 -1.260925650714275e-07
15 1452 -9.742861024863084e-08
1452 15 -9.742861024863084e-08
15 1455 -1.299048129047618e-07
1455 15 -1.299048129047618e-07
15 1479 -9.742861024863104e-08
1479 15 -9.742861024863104e-08
16 16  3.701956833166763e-07
16 19  3.194443988413544e-08
19 16  3.194443988413544e-08
16 79  2.975483906180181e-08
79 16  2.975483906180181e-08
16 193  3.010705901344906e-08
193 16  3.010705901344906e-08
16 292  6.169928135620025e-08
292 16  6.169928135620025e-08
16 880 -1.895533204090799e-07
880 16 -1.895533204090799e-07
16 1177 -1.785290356003820e-07
1177 16 -1.785290356003820e-07
16 1180 -8.926451841497647e-08
1180 16 -8.926451841497647e-08
16 1183 -1.263688805441034e-07
1183 16 -1.263688805441034e-07
16 1186 -2.467971157837489e-07
1186 16 -2.467971157837489e-07
16 1189 -1.190193574767783e-07
1189 16 -1.190193574767783e-07
16 1261 -1.806423580870702e-07
1261 16 -1.806423580870702e-07
16 1375 -1.204282400601719e-07
1375 16 -1.204282400601719e-07
16 1378 -8.926451841497647e-08
1378 16 -8.926451841497647e-08
16 1522 -9.137784367846935e-08
1522 16 -9.137784367846935e-08
16 1525 -1.916666428957681e-07
1525 16 -1.916666428957681e-07
16 1534 -1.002888028082540e-07
1534 16 -1.002888028082540e-07
16 1540 -1.277777631274971e-07
1540 16 -1.277777631274971e-07
17 17  3.701956833166763e-07
17 20  3.194443988413544e-08
20 17  3.194443988413544e-08
17 80  2.975483906180181e-08
80 17  2.975483906180181e-08
17 194  3.010705901344906e-08
194 17  3.010705901344906e-08
17 293  6.169928135620025e-08
293 17  6.169928135620025e-08
17 881 -1.895533204090799e-07
881 17 -1.895533204090799e-07
17 1178 -1.785290356003820e-07
1178 17 -1.785290356003820e-07
17 1181 -8.926451841497647e-08
1181 17 -8.926451841497647e-08
17 1184 -1.263688805441034e-07
1184 17 -1.263688805441034e-07
17 1187 -2.467971157837489e-07
1187 17 -2.467971157837489e-07
17 1190 -1.190193574767783e-07
1190 17 -1.190193574767783e-07
17 1262 -1.806423580870702e-07
1262 17 -1.806423580870702e-07
17 1376 -1.204282400601719e-07
1376 17 -1.204282400601719e-07
17 1379 -8.926451841497647e-08
1379 17 -8.926451841497647e-08
17 1523 -9.137784367846935e-08
1523 17 -9.137784367846935e-08
17 1526 -1.916666428957681e-07
1526 17 -1.916666428957681e-07
17 1535 -1.002888028082540e-07
1535 17 -1.002888028082540e-07
17 1541 -1.277777631274971e-07
1541 17 -1.277777631274971e-07
18 18  3.701956833166763e-07
18 21  3.194443988413544e-08
21 18  3.194443988413544e-08
18 81  2.975483906180181e-08
81 18  2.975483906180181e-08
18 195  3.010705901344906e-08
195 18  3.010705901344906e-08
18 294  6.169928135620025e-08
294 18  6.169928135620025e-08
18 882 -1.895533204090799e-07
882 18 -1.895533204090799e-07
18 1179 -1.785290356003820e-07
1179 18 -1.785290356003820e-07
18 1182 -8.926451841497647e-08
1182 18 -8.926451841497647e-08
18 1185 -1.263688805441034e-07
1185 18 -1.263688805441034e-07
18 1188 -2.467971157837489e-07
1188 18 -2.467971157837489e-07
18 1191 -1.190193574767783e-07
1191 18 -1.190193574767783e-07
18 1263 -1.806423580870702e-07
1263 18 -1.806423580870702e-07
18 1377 -1.204282400601719e-07
1377 18 -1.204282400601719e-07
18 1380 -8.926451841497647e-08
1380 18 -8.926451841497647e-08
18 1524 -9.137784367846935e-08
1524 18 -9.137784367846935e-08
18 1527 -1.916666428957681e-07
1527 18 -1.916666428957681e-07
18 1536 -1.002888028082540e-07
1536 18 -1.002888028082540e-07
18 1542 -1.277777631274971e-07
1542 18 -1.277777631274971e-07
19 19  4.809735338714861e-07
19 193  3.045927896509631e-08
193 19  3.045927896509631e-08
19 196  3.150301230656788e-08
196 19  3.150301230656788e-08
19 292  8.016225717172597e-08
292 19  8.016225717172597e-08
19 874 -1.979290415299679e-07
874 19 -1.979290415299679e-07
19 877 -1.002888028082540e-07
877 19 -1.002888028082540e-07
19 880 -2.005776052177779e-07
880 19 -2.005776052177779e-07
19 1183 -1.002888028082540e-07
1183 19 -1.002888028082540e-07
19 1186 -1.916666428957681e-07
1186 19 -1.916666428957681e-07
19 1261 -1.827556805737583e-07
1261 19 -1.827556805737583e-07
19 1264 -9.137784367846933e-08
1264 19 -9.137784367846933e-08
19 1267 -1.890180792079582e-07
1267 19 -1.890180792079582e-07
19 1375 -9.137784367846934e-08
1375 19 -9.137784367846934e-08
19 1522 -1.218371226435656e-07
1522 19 -1.218371226435656e-07
19 1525 -3.206490103691625e-07
1525 19 -3.206490103691625e-07
19 1528 -1.260120545948223e-07
1528 19 -1.260120545948223e-07
19 1531 -1.319526950787538e-07
1531 19 -1.319526950787538e-07
19 1534 -1.337184036114286e-07
1534 19 -1.337184036114286e-07
19 1540 -1.277777631274970e-07
1540 19 -1.277777631274970e-07
19 1543 -9.764024089803950e-08
1543 19 -9.764024089803950e-08
20 20  4.809735338714861e-07
20 194  3.045927896509631e-08
194 20  3.045927896509631e-08
20 197  3.150301230656788e-08
197 20  3.150301230656788e-08
20 293  8.016225717172597e-08
293 20  8.016225717172597e-08
20 875 -1.979290415299679e-07
875 20 -1.979290415299679e-07
20 878 -1.002888028082540e-07
878 20 -1.002888028082540e-07
20 881 -2.005776052177779e-07
881 20 -2.005776052177779e-07
20 1184 -1.002888028082540e-07
1184 20 -1.002888028082540e-07
20 1187 -1.916666428957681e-07
1187 20 -1.916666428957681e-07
20 1262 -1.827556805737583e-07
1262 20 -1.827556805737583e-07
20 1265 -9.137784367846933e-08
1265 20 -9.137784367846933e-08
20 1268 -1.890180792079582e-07
1268 20 -1.890180792079582e-07
20 1376 -9.137784367846934e-08
1376 20 -9.137784367846934e-08
20 1523 -1.218371226435656e-07
1523 20 -1.218371226435656e-07
20 1526 -3.206490103691625e-07
1526 20 -3.206490103691625e-07
20 1529 -1.260120545948223e-07
1529 20 -1.260120545948223e-07
20 1532 -1.319526950787538e-07
1532 20 -1.319526950787538e-07
20 1535 -1.337184036114286e-07
1535 20 -1.337184036114286e-07
20 1541 -1.277777631274970e-07
1541 20 -1.277777631274970e-07
20 1544 -9.764024089803950e-08
1544 20 -9.764024089803950e-08
21 21  4.809735338714861e-07
21 195  3.045927896509631e-08
195 21  3.045927896509631e-08
21 198  3.150301230656788e-08
198 21  3.150301230656788e-08
21 294  8.016225717172597e-08
294 21  8.016225717172597e-08
21 876 -1.979290415299679e-07
876 21 -1.979290415299679e-07
21 879 -1.002888028082540e-07
879 21 -1.002888028082540e-07
21 882 -2.005776052177779e-07
882 21 -2.005776052177779e-07
21 1185 -1.002888028082540e-07
1185 21 -1.002888028082540e-07
21 1188 -1.916666428957681e-07
1188 21 -1.916666428957681e-07
21 1263 -1.827556805737583e-07
1263 21 -1.827556805737583e-07
21 1266 -9.137784367846933e-08
1266 21 -9.137784367846933e-08
21 1269 -1.890180792079582e-07
1269 21 -1.890180792079582e-07
21 1377 -9.137784367846934e-08
1377 21 -9.137784367846934e-08
21 1524 -1.218371226435656e-07
1524 21 -1.218371226435656e-07
21 1527 -3.206490103691625e-07
1527 21 -3.206490103691625e-07
21 1530 -1.260120545948223e-07
1530 21 -1.260120545948223e-07
21 1533 -1.319526950787538e-07
1533 21 -1.319526950787538e-07
21 1536 -1.337184036114286e-07
1536 21 -1.337184036114286e-07
21 1542 -1.277777631274970e-07
1542 21 -1.277777631274970e-07
21 1545 -9.764024089803950e-08
1545 21 -9.764024089803950e-08
22 22  5.015690064232346e-07
22 136  3.173150799206327e-08
136 22  3.173150799206327e-08
22 250  3.210385532409684e-08
250 22  3.210385532409684e-08
22 259  8.359483625526709e-08
259 22  8.359483625526709e-08
22 379 -2.137513382539686e-07
379 22 -2.137513382539686e-07
22 382 -1.068756741111110e-07
382 22 -1.068756741111110e-07
22 385 -2.020701931031748e-07
385 22 -2.020701931031748e-07
22 391 -9.519452397619056e-08
391 22 -9.519452397619056e-08
22 394 -1.903890479523811e-07
394 22 -1.903890479523811e-07
22 400 -9.519452397619047e-08
400 22 -9.519452397619047e-08
22 403 -1.926231330847021e-07
403 22 -1.926231330847021e-07
22 1066 -1.068756741111110e-07
1066 22 -1.068756741111110e-07
22 1069 -2.043042782354959e-07
1069 22 -2.043042782354959e-07
22 1072 -1.362028541984120e-07
1072 22 -1.362028541984120e-07
22 1075 -3.343793228043247e-07
1075 22 -3.343793228043247e-07
22 1078 -1.425008954920639e-07
1078 22 -1.425008954920639e-07
22 1252 -1.347134637301586e-07
1252 22 -1.347134637301586e-07
22 1453 -9.742861024863070e-08
1453 22 -9.742861024863070e-08
22 1477 -1.284154224365069e-07
1477 22 -1.284154224365069e-07
22 1549 -1.269260319682537e-07
1549 22 -1.269260319682537e-07
23 23  5.015690064232346e-07
23 137  3.173150799206327e-08
137 23  3.173150799206327e-08
23 251  3.210385532409684e-08
251 23  3.210385532409684e-08
23 260  8.359483625526709e-08
260 23  8.359483625526709e-08
23 380 -2.137513382539686e-07
380 23 -2.137513382539686e-07
23 383 -1.068756741111110e-07
383 23 -1.068756741111110e-07
23 386 -2.020701931031748e-07
386 23 -2.020701931031748e-07
23 392 -9.519452397619056e-08
392 23 -9.519452397619056e-08
23 395 -1.903890479523811e-07
395 23 -1.903890479523811e-07
23 401 -9.519452397619047e-08
401 23 -9.519452397619047e-08
23 404 -1.926231330847021e-07
404 23 -1.926231330847021e-07
23 1067 -1.068756741111110e-07
1067 23 -1.068756741111110e-07
23 1070 -2.043042782354959e-07
1070 23 -2.043042782354959e-07
23 1073 -1.362028541984120e-07
1073 23 -1.362028541984120e-07
23 1076 -3.343793228043247e-07
1076 23 -3.343793228043247e-07
23 1079 -1.425008954920639e-07
1079 23 -1.425008954920639e-07
23 1253 -1.347134637301586e-07
1253 23 -1.347134637301586e-07
23 1454 -9.742861024863070e-08
1454 23 -9.742861024863070e-08
23 1478 -1.284154224365069e-07
1478 23 -1.284154224365069e-07
23 1550 -1.269260319682537e-07
1550 23 -1.269260319682537e-07
24 24  5.015690064232346e-07
24 138  3.173150799206327e-08
138 24  3.173150799206327e-08
24 252  3.210385532409684e-08
252 24  3.210385532409684e-08
24 261  8.359483625526709e-08
261 24  8.359483625526709e-08
24 381 -2.137513382539686e-07
381 24 -2.137513382539686e-07
24 384 -1.068756741111110e-07
384 24 -1.068756741111110e-07
24 387 -2.020701931031748e-07
387 24 -2.020701931031748e-07
24 393 -9.519452397619056e-08
393 24 -9.519452397619056e-08
24 396 -1.903890479523811e-07
396 24 -1.903890479523811e-07
24 402 -9.519452397619047e-08
402 24 -9.519452397619047e-08
24 405 -1.926231330847021e-07
405 24 -1.926231330847021e-07
24 1068 -1.068756741111110e-07
1068 24 -1.068756741111110e-07
24 1071 -2.043042782354959e-07
1071 24 -2.043042782354959e-07
24 1074 -1.362028541984120e-07
1074 24 -1.362028541984120e-07
24 1077 -3.343793228043247e-07
1077 24 -3.343793228043247e-07
24 1080 -1.425008954920639e-07
1080 24 -1.425008954920639e-07
24 1254 -1.347134637301586e-07
1254 24 -1.347134637301586e-07
24 1455 -9.742861024863070e-08
1455 24 -9.742861024863070e-08
24 1479 -1.284154224365069e-07
1479 24 -1.284154224365069e-07
24 1551 -1.269260319682537e-07
1551 24 -1.269260319682537e-07
25 25  7.860246507625785e-07
25 28  3.080671303642842e-08
28 25  3.080671303642842e-08
25 136  4.926306140367201e-08
136 25  4.926306140367201e-08
25 139  5.104439373143021e-08
139 25  5.104439373143021e-08
25 142  3.156783050793652e-08
142 25  3.156783050793652e-08
25 259  8.441350504879321e-08
259 25  8.441350504879321e-08
25 262  8.589363640713673e-08
262 25  8.589363640713673e-08
25 358 -2.358182004775175e-07
358 25 -2.358182004775175e-07
25 361 -2.145562685623265e-07
361 25 -2.145562685623265e-07
25 364 -2.115629392042951e-07
364 25 -2.115629392042951e-07
25 367 -2.041776457396677e-07
367 25 -2.041776457396677e-07
25 370 -3.376537339010041e-07
370 25 -3.376537339010041e-07
25 373 -3.435746971813418e-07
373 25 -3.435746971813418e-07
25 376 -1.207909267698413e-07
376 25 -1.207909267698413e-07
25 379 -1.811863907248215e-07
379 25 -1.811863907248215e-07
25 382 -8.947615165613086e-08
382 25 -8.947615165613086e-08
25 385 -1.789523055925000e-07
385 25 -1.789523055925000e-07
25 388 -1.193015363015871e-07
388 25 -1.193015363015871e-07
25 391 -8.947615165613106e-08
391 25 -8.947615165613106e-08
25 394 -2.054416482134422e-07
394 25 -2.054416482134422e-07
25 397 -1.970523131867541e-07
397 25 -1.970523131867541e-07
25 409 -2.061023534444976e-07
409 25 -2.061023534444976e-07
25 439 -1.848402779942860e-07
439 25 -1.848402779942860e-07
25 442 -1.894069830476193e-07
442 25 -1.894069830476193e-07
25 445 -9.470349152380979e-08
445 25 -9.470349152380979e-08
25 1081 -9.171023792857144e-08
1081 25 -9.171023792857144e-08
25 1438 -9.470349152380968e-08
1438 25 -9.470349152380968e-08
25 1441 -1.262713220317464e-07
1441 25 -1.262713220317464e-07
25 1486 -9.013678624619051e-08
1486 25 -9.013678624619051e-08
25 1504 -1.232268519214288e-07
1504 25 -1.232268519214288e-07
26 26  7.860246507625785e-07
26 29  3.080671303642842e-08
29 26  3.080671303642842e-08
26 137  4.926306140367201e-08
137 26  4.926306140367201e-08
26 140  5.104439373143021e-08
140 26  5.104439373143021e-08
26 143  3.156783050793652e-08
143 26  3.156783050793652e-08
26 260  8.441350504879321e-08
260 26  8.441350504879321e-08
26 263  8.589363640713673e-08
263 26  8.589363640713673e-08
26 359 -2.358182004775175e-07
359 26 -2.358182004775175e-07
26 362 -2.145562685623265e-07
362 26 -2.145562685623265e-07
26 365 -2.115629392042951e-07
365 26 -2.115629392042951e-07
26 368 -2.041776457396677e-07
368 26 -2.041776457396677e-07
26 371 -3.376537339010041e-07
371 26 -3.376537339010041e-07
26 374 -3.435746971813418e-07
374 26 -3.435746971813418e-07
26 377 -1.207909267698413e-07
377 26 -1.207909267698413e-07
26 380 -1.811863907248215e-07
380 26 -1.811863907248215e-07
26 383 -8.947615165613086e-08
383 26 -8.947615165613086e-08
26 386 -1.789523055925000e-07
386 26 -1.789523055925000e-07
26 389 -1.193015363015871e-07
389 26 -1.193015363015871e-07
26 392 -8.947615165613106e-08
392 26 -8.947615165613106e-08
26 395 -2.054416482134422e-07
395 26 -2.054416482134422e-07
26 398 -1.970523131867541e-07
398 26 -1.970523131867541e-07
26 410 -2.061023534444976e-07
410 26 -2.061023534444976e-07
26 440 -1.848402779942860e-07
440 26 -1.848402779942860e-07
26 443 -1.894069830476193e-07
443 26 -1.894069830476193e-07
26 446 -9.470349152380979e-08
446 26 -9.470349152380979e-08
26 1082 -9.171023792857144e-08
1082 26 -9.171023792857144e-08
26 1439 -9.470349152380968e-08
1439 26 -9.470349152380968e-08
26 1442 -1.262713220317464e-07
1442 26 -1.262713220317464e-07
26 1487 -9.013678624619051e-08
1487 26 -9.013678624619051e-08
26 1505 -1.232268519214288e-07
1505 26 -1.232268519214288e-07
27 27  7.860246507625785e-07
27 30  3.080671303642842e-08
30 27  3.080671303642842e-08
27 138  4.926306140367201e-08
138 27  4.926306140367201e-08
27 141  5.104439373143021e-08
141 27  5.104439373143021e-08
27 144  3.156783050793652e-08
144 27  3.156783050793652e-08
27 261  8.441350504879321e-08
261 27  8.441350504879321e-08
27 264  8.589363640713673e-08
264 27  8.589363640713673e-08
27 360 -2.358182004775175e-07
360 27 -2.358182004775175e-07
27 363 -2.145562685623265e-07
363 27 -2.145562685623265e-07
27 366 -2.115629392042951e-07
366 27 -2.115629392042951e-07
27 369 -2.041776457396677e-07
369 27 -2.041776457396677e-07
27 372 -3.376537339010041e-07
372 27 -3.376537339010041e-07
27 375 -3.435746971813418e-07
375 27 -3.435746971813418e-07
27 378 -1.207909267698413e-07
378 27 -1.207909267698413e-07
27 381 -1.811863907248215e-07
381 27 -1.811863907248215e-07
27 384 -8.947615165613086e-08
384 27 -8.947615165613086e-08
27 387 -1.789523055925000e-07
387 27 -1.789523055925000e-07
27 390 -1.193015363015871e-07
390 27 -1.193015363015871e-07
27 393 -8.947615165613106e-08
393 27 -8.947615165613106e-08
27 396 -2.054416482134422e-07
396 27 -2.054416482134422e-07
27 399 -1.970523131867541e-07
399 27 -1.970523131867541e-07
27 411 -2.061023534444976e-07
411 27 -2.061023534444976e-07
27 441 -1.848402779942860e-07
441 27 -1.848402779942860e-07
27 444 -1.894069830476193e-07
444 27 -1.894069830476193e-07
27 447 -9.470349152380979e-08
447 27 -9.470349152380979e-08
27 1083 -9.171023792857144e-08
1083 27 -9.171023792857144e-08
27 1440 -9.470349152380968e-08
1440 27 -9.470349152380968e-08
27 1443 -1.262713220317464e-07
1443 27 -1.262713220317464e-07
27 1488 -9.013678624619051e-08
1488 27 -9.013678624619051e-08
27 1506 -1.232268519214288e-07
1506 27 -1.232268519214288e-07
28 28  5.545208333100020e-07
28 31  3.080671303642844e-08
31 28  3.080671303642844e-08
28 133  3.004559556492034e-08
133 28  3.004559556492034e-08
28 136  3.004559556492053e-08
136 28  3.004559556492053e-08
28 142  3.156783050793648e-08
142 28  3.156783050793648e-08
28 145  3.156783050793645e-08
145 28  3.156783050793645e-08
28 262  9.242013877285678e-08
262 28  9.242013877285678e-08
28 373 -1.848402779942858e-07
373 28 -1.848402779942858e-07
28 397 -9.013678624619043e-08
397 28 -9.013678624619043e-08
28 409 -1.802735729409525e-07
409 28 -1.802735729409525e-07
28 424 -1.848402779942858e-07
424 28 -1.848402779942858e-07
28 433 -9.013678624619043e-08
433 28 -9.013678624619043e-08
28 436 -1.802735729409526e-07
436 28 -1.802735729409526e-07
28 439 -3.696805564371420e-07
439 28 -3.696805564371420e-07
28 442 -1.894069830476191e-07
442 28 -1.894069830476191e-07
28 445 -1.262713220317459e-07
445 28 -1.262713220317459e-07
28 448 -9.470349152380955e-08
448 28 -9.470349152380955e-08
28 451 -1.262713220317462e-07
451 28 -1.262713220317462e-07
28 454 -1.894069830476192e-07
454 28 -1.894069830476192e-07
28 670 -9.470349152380967e-08
670 28 -9.470349152380967e-08
28 1441 -9.470349152380972e-08
1441 28 -9.470349152380972e-08
28 1474 -1.232268519214281e-07
1474 28 -1.232268519214281e-07
28 1480 -1.201823818111105e-07
1480 28 -1.201823818111105e-07
28 1483 -9.013678624619073e-08
1483 28 -9.013678624619073e-08
28 1486 -1.201823818111106e-07
1486 28 -1.201823818111106e-07
28 1504 -1.232268519214281e-07
1504 28 -1.232268519214281e-07
29 29  5.545208333100020e-07
29 32  3.080671303642844e-08
32 29  3.080671303642844e-08
29 134  3.004559556492034e-08
134 29  3.004559556492034e-08
29 137  3.004559556492053e-08
137 29  3.004559556492053e-08
29 143  3.156783050793648e-08
143 29  3.156783050793648e-08
29 146  3.156783050793645e-08
146 29  3.156783050793645e-08
29 263  9.242013877285678e-08
263 29  9.242013877285678e-08
29 374 -1.848402779942858e-07
374 29 -1.848402779942858e-07
29 398 -9.013678624619043e-08
398 29 -9.013678624619043e-08
29 410 -1.802735729409525e-07
410 29 -1.802735729409525e-07
29 425 -1.848402779942858e-07
425 29 -1.848402779942858e-07
29 434 -9.013678624619043e-08
434 29 -9.013678624619043e-08
29 437 -1.802735729409526e-07
437 29 -1.802735729409526e-07
29 440 -3.696805564371420e-07
440 29 -3.696805564371420e-07
29 443 -1.894069830476191e-07
443 29 -1.894069830476191e-07
29 446 -1.262713220317459e-07
446 29 -1.262713220317459e-07
29 449 -9.470349152380955e-08
449 29 -9.470349152380955e-08
29 452 -1.262713220317462e-07
452 29 -1.262713220317462e-07
29 455 -1.894069830476192e-07
455 29 -1.894069830476192e-07
29 671 -9.470349152380967e-08
671 29 -9.470349152380967e-08
29 1442 -9.470349152380972e-08
1442 29 -9.470349152380972e-08
29 1475 -1.232268519214281e-07
1475 29 -1.232268519214281e-07
29 1481 -1.201823818111105e-07
1481 29 -1.201823818111105e-07
29 1484 -9.013678624619073e-08
1484 29 -9.013678624619073e-08
29 1487 -1.201823818111106e-07
1487 29 -1.201823818111106e-07
29 1505 -1.232268519214281e-07
1505 29 -1.232268519214281e-07
30 30  5.545208333100020e-07
30 33  3.080671303642844e-08
33 30  3.080671303642844e-08
30 135  3.004559556492034e-08
135 30  3.004559556492034e-08
30 138  3.004559556492053e-08
138 30  3.004559556492053e-08
30 144  3.156783050793648e-08
144 30  3.156783050793648e-08
30 147  3.156783050793645e-08
147 30  3.156783050793645e-08
30 264  9.242013877285678e-08
264 30  9.242013877285678e-08
30 375 -1.848402779942858e-07
375 30 -1.848402779942858e-07
30 399 -9.013678624619043e-08
399 30 -9.013678624619043e-08
30 411 -1.802735729409525e-07
411 30 -1.802735729409525e-07
30 426 -1.848402779942858e-07
426 30 -1.848402779942858e-07
30 435 -9.013678624619043e-08
435 30 -9.013678624619043e-08
30 438 -1.802735729409526e-07
438 30 -1.802735729409526e-07
30 441 -3.696805564371420e-07
441 30 -3.696805564371420e-07
30 444 -1.894069830476191e-07
444 30 -1.894069830476191e-07
30 447 -1.262713220317459e-07
447 30 -1.262713220317459e-07
30 450 -9.470349152380955e-08
450 30 -9.470349152380955e-08
30 453 -1.262713220317462e-07
453 30 -1.262713220317462e-07
30 456 -1.894069830476192e-07
456 30 -1.894069830476192e-07
30 672 -9.470349152380967e-08
672 30 -9.470349152380967e-08
30 1443 -9.470349152380972e-08
1443 30 -9.470349152380972e-08
30 1476 -1.232268519214281e-07
1476 30 -1.232268519214281e-07
30 1482 -1.201823818111105e-07
1482 30 -1.201823818111105e-07
30 1485 -9.013678624619073e-08
1485 30 -9.013678624619073e-08
30 1488 -1.201823818111106e-07
1488 30 -1.201823818111106e-07
30 1506 -1.232268519214281e-07
1506 30 -1.232268519214281e-07
31 31  1.149712061958593e-06
31 34  3.085782083991073e-08
34 31  3.085782083991073e-08
31 130  8.079754447157732e-08
130 31  8.079754447157732e-08
31 133  3.004559556492046e-08
133 31  3.004559556492046e-08
31 145  8.076597227777771e-08
145 31  8.076597227777771e-08
31 148  3.006513117460344e-08
148 31  3.006513117460344e-08
31 244  9.989898287301566e-08
244 31  9.989898287301566e-08
31 262  1.165599868009524e-07
262 31  1.165599868009524e-07
31 283  7.505858862913690e-08
283 31  7.505858862913690e-08
31 412 -3.023285241053974e-07
412 31 -3.023285241053974e-07
31 415 -2.996963405555563e-07
415 31 -2.996963405555563e-07
31 418 -4.243834752698424e-07
418 31 -4.243834752698424e-07
31 421 -3.995953234285714e-07
421 31 -3.995953234285714e-07
31 424 -4.662405661326984e-07
424 31 -4.662405661326984e-07
31 427 -3.231898727642856e-07
427 31 -3.231898727642856e-07
31 430 -9.013678624619050e-08
430 31 -9.013678624619050e-08
31 433 -1.201823818111109e-07
433 31 -1.201823818111109e-07
31 436 -1.802735729409523e-07
436 31 -1.802735729409523e-07
31 439 -1.848402779942858e-07
439 31 -1.848402779942858e-07
31 451 -9.470349152380961e-08
451 31 -9.470349152380961e-08
31 454 -3.068952291587310e-07
454 31 -3.068952291587310e-07
31 460 -2.996963405555561e-07
460 31 -2.996963405555561e-07
31 664 -9.019539352380951e-08
664 31 -9.019539352380951e-08
31 667 -1.202605246984131e-07
667 31 -1.202605246984131e-07
31 670 -3.230635850793657e-07
670 31 -3.230635850793657e-07
31 673 -3.002349543437701e-07
673 31 -3.002349543437701e-07
31 676 -1.777003004761904e-07
676 31 -1.777003004761904e-07
31 679 -1.803907870476191e-07
679 31 -1.803907870476191e-07
31 691 -1.234312824936512e-07
691 31 -1.234312824936512e-07
31 694 -1.851469241734724e-07
694 31 -1.851469241734724e-07
31 697 -9.019539352380943e-08
697 31 -9.019539352380943e-08
31 703 -1.750098139047618e-07
703 31 -1.750098139047618e-07
31 712 -1.824564376020433e-07
712 31 -1.824564376020433e-07
31 718 -9.495152978367071e-08
718 31 -9.495152978367071e-08
31 1474 -1.232268519214285e-07
1474 31 -1.232268519214285e-07
31 1480 -9.013678624619047e-08
1480 31 -9.013678624619047e-08
32 32  1.149712061958593e-06
32 35  3.085782083991073e-08
35 32  3.085782083991073e-08
32 131  8.079754447157732e-08
131 32  8.079754447157732e-08
32 134  3.004559556492046e-08
134 32  3.004559556492046e-08
32 146  8.076597227777771e-08
146 32  8.076597227777771e-08
