1 1  1.714544496262146e+06
1 2  5.059765363640073e+05
2 1  5.059765363640073e+05
1 3 -3.797820803209236e+05
3 1 -3.797820803209236e+05
1 4  8.452901861413041e+04
4 1  8.452901861413041e+04
1 5  1.104163159628481e+05
5 1  1.104163159628481e+05
1 6  8.000000000000009e+04
6 1  8.000000000000009e+04
1 22  2.550062534916836e+05
22 1  2.550062534916836e+05
1 23 -1.312098363599861e+04
23 1 -1.312098363599861e+04
1 24  1.049678690879891e+04
24 1  1.049678690879891e+04
1 25 -2.430498697378479e+05
25 1 -2.430498697378479e+05
1 26  4.696847370485732e+03
26 1  4.696847370485732e+03
1 27 -1.209053066666668e+04
27 1 -1.209053066666668e+04
1 136  3.289665029529656e+04
136 1  3.289665029529656e+04
1 137 -1.000000000000001e+05
137 1 -1.000000000000001e+05
1 138 -7.166694722972182e+04
138 1 -7.166694722972182e+04
1 259  4.421328043131829e+05
259 1  4.421328043131829e+05
1 260  1.666666666666667e+05
260 1  1.666666666666667e+05
1 261 -1.333333333333335e+05
261 1 -1.333333333333335e+05
1 370  2.048070182873488e+05
370 1  2.048070182873488e+05
1 371  7.136353262951413e+04
371 1  7.136353262951413e+04
1 372 -6.542386400000004e+04
372 1 -6.542386400000004e+04
1 376 -8.989380665564066e+04
376 1 -8.989380665564066e+04
1 377  1.511316333333333e+04
377 1  1.511316333333333e+04
1 378 -2.542987756797348e-11
378 1 -2.542987756797348e-11
1 379  3.245801901326513e+05
379 1  3.245801901326513e+05
1 380  1.770829640371533e+05
380 1  1.770829640371533e+05
1 381  3.637978807091713e-11
381 1  3.637978807091713e-11
1 382 -5.744088807728869e+05
382 1 -5.744088807728869e+05
1 383 -5.083319185923659e+05
383 1 -5.083319185923659e+05
1 384 -2.384062574621325e+05
384 1 -2.384062574621325e+05
1 385 -1.897913182216406e+06
385 1 -1.897913182216406e+06
1 386 -6.686588421110031e+05
386 1 -6.686588421110031e+05
1 387  5.265940357924100e+05
387 1  5.265940357924100e+05
1 388  4.700981010293377e+05
388 1  4.700981010293377e+05
1 389 -9.587037737048793e+04
389 1 -9.587037737048793e+04
1 390  9.336240856305414e+04
390 1  9.336240856305414e+04
1 391 -3.493829535297356e+05
391 1 -3.493829535297356e+05
1 392  3.084241311238492e+05
392 1  3.084241311238492e+05
1 393  3.400011317927773e+05
393 1  3.400011317927773e+05
1 394  2.349782539256212e+05
394 1  2.349782539256212e+05
1 395  7.130438461899757e-10
395 1  7.130438461899757e-10
1 396 -1.250002954369439e+05
396 1 -1.250002954369439e+05
1 397 -9.891156462129959e+04
397 1 -9.891156462129959e+04
1 398  5.901470007177823e-11
398 1  5.901470007177823e-11
1 399 -3.757483229720605e+03
399 1 -3.757483229720605e+03
1 1075  2.492821399522228e+05
1075 1  2.492821399522228e+05
1 1076  8.687901211099939e+04
1076 1  8.687901211099939e+04
1 1077 -6.950320968879871e+04
1077 1 -6.950320968879871e+04
1 1078  1.706644368820750e+05
1078 1  1.706644368820750e+05
1 1079  9.530314596284690e+04
1079 1  9.530314596284690e+04
1 1080  7.840625746213208e+04
1080 1  7.840625746213208e+04
1 1252 -1.077482079677609e+06
1252 1 -1.077482079677609e+06
1 1253 -4.751606272800351e+04
1253 1 -4.751606272800351e+04
1 1254  3.801285018240212e+04
1254 1  3.801285018240212e+04
1 1549  1.475229740257296e+05
1549 1  1.475229740257296e+05
1 1550 -1.084241311238457e+05
1550 1 -1.084241311238457e+05
1 1551 -6.790946933333357e+04
1551 1 -6.790946933333357e+04
2 2  1.258803247557451e+06
2 3  1.543669058787313e+04
3 2  1.543669058787313e+04
2 4  7.708298262951427e+04
4 2  7.708298262951427e+04
2 5  2.489434255697851e+05
5 2  2.489434255697851e+05
2 6  7.840625624213228e+04
6 2  7.840625624213228e+04
2 22  2.021234969733514e+04
22 2  2.021234969733514e+04
2 23  8.273435921291873e+04
23 2  8.273435921291873e+04
2 24  6.383012024213219e+04
24 2  6.383012024213219e+04
2 25 -2.863648596284775e+04
25 2 -2.863648596284775e+04
2 26 -6.944281992509989e+04
26 2 -6.944281992509989e+04
2 27 -6.383012024213217e+04
27 2 -6.383012024213217e+04
2 136 -6.666666666666669e+04
136 2 -6.666666666666669e+04
2 137  5.167103859633995e+04
137 2  5.167103859633995e+04
2 138  6.007264234574327e+04
138 2  6.007264234574327e+04
2 259  1.666666666666668e+05
259 2  1.666666666666668e+05
2 260  1.056951131666983e+05
260 2  1.056951131666983e+05
2 261 -1.333333333333333e+05
261 2 -1.333333333333333e+05
2 370  7.136353262951423e+04
370 2  7.136353262951423e+04
2 371  5.851629093924371e+04
371 2  5.851629093924371e+04
2 372 -6.383012364453456e+04
372 2 -6.383012364453456e+04
2 376 -1.822016999999976e+04
376 2 -1.822016999999976e+04
2 377  7.690017901967160e+04
377 2  7.690017901967160e+04
2 378 -5.151918698243995e-11
378 2 -5.151918698243995e-11
2 379  1.770829640371535e+05
379 2  1.770829640371535e+05
2 380  3.181665186492583e+05
380 2  3.181665186492583e+05
2 381 -1.593740355465561e+03
381 2 -1.593740355465561e+03
2 382 -4.083319185923644e+05
382 2 -4.083319185923644e+05
2 383 -1.063618005085086e+06
383 2 -1.063618005085086e+06
2 384 -2.336250271509314e+05
384 2 -2.336250271509314e+05
2 385 -6.686588421110029e+05
385 2 -6.686588421110029e+05
2 386 -7.366863299012922e+05
386 2 -7.366863299012922e+05
2 387  3.948544428145431e+05
387 2  3.948544428145431e+05
2 388  4.129622629512713e+03
388 2  4.129622629512713e+03
2 389  1.713987732432987e+04
389 2  1.713987732432987e+04
2 390  1.914903616887994e+05
390 2  1.914903616887994e+05
2 391  2.084241311238483e+05
391 2  2.084241311238483e+05
2 392 -2.578264542098274e+05
392 2 -2.578264542098274e+05
2 393 -1.869572286914841e+05
393 2 -1.869572286914841e+05
2 394  9.094947017729282e-10
394 2  9.094947017729282e-10
2 395  8.814300036141946e+04
395 2  8.814300036141946e+04
2 396  6.739297540922536e+03
396 2  6.739297540922536e+03
2 397 -2.146407496184111e-10
397 2 -2.146407496184111e-10
2 398 -1.367070498616961e+04
398 2 -1.367070498616961e+04
2 399 -5.238689482212067e-10
399 2 -5.238689482212067e-10
2 1075  8.687901211099942e+04
1075 2  8.687901211099942e+04
2 1076  6.047032689292195e+04
1076 2  6.047032689292195e+04
2 1077 -6.950320968879884e+04
1077 2 -6.950320968879884e+04
2 1078  9.530314596284702e+04
1078 2  9.530314596284702e+04
2 1079  1.706644368820747e+05
1079 2  1.706644368820747e+05
2 1080  7.840625746213218e+04
1080 2  7.840625746213218e+04
2 1252 -1.475160627280050e+05
1252 2 -1.475160627280050e+05
2 1253 -4.766155686880315e+05
1253 2 -4.766155686880315e+05
2 1254 -1.966359240500084e+05
1254 2 -1.966359240500084e+05
2 1549 -7.509079779051294e+04
1549 2 -7.509079779051294e+04
2 1550  8.001206862339297e+04
1550 2  8.001206862339297e+04
2 1551  6.007263823241081e+04
1551 2  6.007263823241081e+04
3 3  1.047277798523526e+06
3 4  5.333333333333340e+04
4 3  5.333333333333340e+04
3 5  5.173958957546559e+04
5 3  5.173958957546559e+04
3 6  7.271698032290692e+04
6 3  7.271698032290692e+04
3 22 -1.616987975786781e+04
22 3 -1.616987975786781e+04
3 23  6.383012024213219e+04
23 3  6.383012024213219e+04
3 24  7.374884037065311e+04
24 3  7.374884037065311e+04
3 25  1.457613600000001e+04
25 3  1.457613600000001e+04
3 26 -6.383012024213217e+04
26 3 -6.383012024213217e+04
3 27 -6.944281992509947e+04
27 3 -6.944281992509947e+04
3 136 -4.500028056305512e+04
136 3 -4.500028056305512e+04
3 137  8.673930901240994e+04
137 3  8.673930901240994e+04
3 138  1.476048628941517e+05
138 3  1.476048628941517e+05
3 259 -1.333333333333335e+05
259 3 -1.333333333333335e+05
3 260 -1.333333333333333e+05
260 3 -1.333333333333333e+05
3 261  1.244647448805530e+05
261 3  1.244647448805530e+05
3 370 -6.542386400000007e+04
370 3 -6.542386400000007e+04
3 371 -6.383012364453454e+04
371 3 -6.383012364453454e+04
3 372  5.851629093924278e+04
372 3  5.851629093924278e+04
3 376 -3.060466218379098e-11
376 3 -3.060466218379098e-11
3 377 -5.612543992946948e-11
377 3 -5.612543992946948e-11
3 378 -2.887472807993177e+03
378 3 -2.887472807993177e+03
3 379  2.910383045673370e-11
379 3  2.910383045673370e-11
3 380 -1.593740355465594e+03
380 3 -1.593740355465594e+03
3 381  1.441698065284938e+05
381 3  1.441698065284938e+05
3 382 -1.584062574621324e+05
382 3 -1.584062574621324e+05
3 383 -1.536250271509313e+05
383 3 -1.536250271509313e+05
3 384 -3.598745281893201e+05
384 3 -3.598745281893201e+05
3 385  5.265940357924101e+05
385 3  5.265940357924101e+05
3 386  3.948544428145431e+05
386 3  3.948544428145431e+05
3 387 -7.224868109091248e+05
387 3 -7.224868109091248e+05
3 388  1.336240856305409e+04
388 3  1.336240856305409e+04
3 389  1.914903616887994e+05
389 3  1.914903616887994e+05
3 390  4.586343198228514e+04
390 3  4.586343198228514e+04
3 391  2.600011317927773e+05
391 3  2.600011317927773e+05
3 392 -2.669572286914841e+05
392 3 -2.669572286914841e+05
3 393 -6.501835986378470e+05
393 3 -6.501835986378470e+05
3 394 -1.250002954369439e+05
394 3 -1.250002954369439e+05
3 395  6.739297540922522e+03
395 3  6.739297540922522e+03
3 396  2.006167696421481e+05
396 3  2.006167696421481e+05
3 397  2.290918343694603e+04
397 3  2.290918343694603e+04
3 398 -5.291520385867383e-10
398 3 -5.291520385867383e-10
3 399  3.739339218353647e+04
399 3  3.739339218353647e+04
3 1075 -6.950320968879867e+04
1075 3 -6.950320968879867e+04
3 1076 -6.950320968879886e+04
1076 3 -6.950320968879886e+04
3 1077  7.025446402108617e+04
1077 3  7.025446402108617e+04
3 1078  5.173959079546543e+04
1078 3  5.173959079546543e+04
3 1079  5.173959079546549e+04
1079 3  5.173959079546549e+04
3 1080  7.315822629160403e+04
1080 3  7.315822629160403e+04
3 1252  1.180128501824022e+05
1252 3  1.180128501824022e+05
3 1253 -1.966359240500084e+05
1253 3 -1.966359240500084e+05
3 1254 -4.078740909365348e+05
1254 3 -4.078740909365348e+05
3 1549 -6.790946933333360e+04
1549 3 -6.790946933333360e+04
3 1550  8.673930489907747e+04
1550 3  8.673930489907747e+04
3 1551  1.169637128257315e+05
1551 3  1.169637128257315e+05
4 4  1.388029715968922e+06
4 5 -2.293881104011588e+05
5 4 -2.293881104011588e+05
4 6 -1.835104883209251e+05
6 4 -1.835104883209251e+05
4 13  2.549742672015550e+05
13 4  2.549742672015550e+05
4 14  1.312098363599870e+04
14 4  1.312098363599870e+04
4 15  1.049678690879883e+04
15 4  1.049678690879883e+04
4 22 -3.727825621255134e+04
22 4 -3.727825621255134e+04
4 23 -9.530315262951401e+04
23 4 -9.530315262951401e+04
4 24  1.209053066666669e+04
24 4  1.209053066666669e+04
4 25  5.336418039467167e+04
25 4  5.336418039467167e+04
4 26  6.666666666666688e+04
26 4  6.666666666666688e+04
4 27  6.166638610361133e+04
27 4  6.166638610361133e+04
4 139 -6.834825290884779e+04
139 4 -6.834825290884779e+04
4 140  2.863648596284748e+04
140 4  2.863648596284748e+04
4 141 -6.542386400000006e+04
141 4 -6.542386400000006e+04
4 259  1.754356715200826e+05
259 4  1.754356715200826e+05
4 260 -1.666666666666672e+05
260 4 -1.666666666666672e+05
4 261 -1.333333333333333e+05
261 4 -1.333333333333333e+05
4 364  6.065057801297959e+04
364 4  6.065057801297959e+04
4 365 -7.136353262951420e+04
365 4 -7.136353262951420e+04
4 366 -6.542386399999999e+04
366 4 -6.542386399999999e+04
4 367 -1.233011146816011e+04
367 4 -1.233011146816011e+04
4 368  4.409312934013096e-10
368 4  4.409312934013096e-10
4 369 -1.915157409123706e-10
369 4 -1.915157409123706e-10
4 370  8.107771754776764e+04
370 4  8.107771754776764e+04
4 371 -8.258211892098188e-10
371 4 -8.258211892098188e-10
4 372  8.333037896388276e+03
372 4  8.333037896388276e+03
4 376 -2.601822393073784e+05
376 4 -2.601822393073784e+05
4 377 -2.104163092961842e+05
377 4 -2.104163092961842e+05
4 378 -1.933322015405541e+05
378 4 -1.933322015405541e+05
4 379 -9.889834362902371e+05
379 4 -9.889834362902371e+05
4 380  5.764627147405172e+05
380 4  5.764627147405172e+05
4 381  4.611701717924107e+05
381 4  4.611701717924107e+05
4 382 -3.653087018543074e+05
382 4 -3.653087018543074e+05
4 383 -2.416652519256933e+05
383 4 -2.416652519256933e+05
4 384 -1.683330474369453e+05
384 4 -1.683330474369453e+05
4 385  9.207057323837370e+04
385 4  9.207057323837370e+04
4 386  1.041629737048494e+04
386 4  1.041629737048494e+04
4 387 -8.367351256310940e-11
387 4 -8.367351256310940e-11
4 388  8.470625252663824e+04
388 4  8.470625252663824e+04
4 389  7.708297596284878e+04
389 4  7.708297596284878e+04
4 390  6.166638077027859e+04
390 4  6.166638077027859e+04
4 1066 -1.070032492925980e+06
1066 4 -1.070032492925980e+06
4 1067  4.751606272800508e+04
1067 4  4.751606272800508e+04
4 1068  3.801285018240218e+04
1068 4  3.801285018240218e+04
4 1069  3.646929686656045e+05
1069 4  3.646929686656045e+05
4 1070 -8.687901211100060e+04
1070 4 -8.687901211100060e+04
4 1071 -6.950320968879855e+04
1071 4 -6.950320968879855e+04
4 1072  1.148042490071488e+05
1072 4  1.148042490071488e+05
4 1073 -2.589285350395949e-10
1073 4 -2.589285350395949e-10
4 1074  1.049678812879875e+04
1074 4  1.049678812879875e+04
4 1075  3.962031371809507e+04
1075 4  3.962031371809507e+04
4 1076 -9.530313403715356e+04
1076 4 -9.530313403715356e+04
4 1077 -6.790946933333340e+04
1077 4 -6.790946933333340e+04
4 1078 -9.934187121649238e+04
1078 4 -9.934187121649238e+04
4 1079  2.859094526295151e+05
1079 4  2.859094526295151e+05
4 1080  3.323161987120107e+04
1080 4  3.323161987120107e+04
4 1081  7.789325765508736e+03
1081 4  7.789325765508736e+03
4 1082  9.695622094897262e+02
1082 4  9.695622094897262e+02
4 1083  1.962715920000003e+05
1083 4  1.962715920000003e+05
4 1084  8.058671432697520e+04
1084 4  8.058671432697520e+04
4 1085  1.312098516099839e+04
1085 4  1.312098516099839e+04
4 1086 -7.275957614183426e-12
1086 4 -7.275957614183426e-12
4 1252  1.947381567550077e+04
1252 4  1.947381567550077e+04
4 1253 -4.799431766633186e-11
1253 4 -4.799431766633186e-11
4 1254  4.425087715482355e-11
1254 4  4.425087715482355e-11
5 5  1.841683863666872e+06
5 6  5.664912141385210e+05
6 5  5.664912141385210e+05
5 13 -2.021234969733503e+04
13 5 -2.021234969733503e+04
5 14  9.437421906273183e+04
14 5  9.437421906273183e+04
5 15 -6.950321309120121e+04
15 5 -6.950321309120121e+04
5 22 -9.530315262951399e+04
22 5 -9.530315262951399e+04
5 23 -3.727825621255112e+04
23 5 -3.727825621255112e+04
5 24 -1.049678690879886e+04
24 5 -1.049678690879886e+04
5 25  1.000000000000003e+05
25 5  1.000000000000003e+05
5 26  2.738301898384809e+04
26 5  2.738301898384809e+04
5 27  6.758759813852067e+04
27 5  6.758759813852067e+04
5 139 -4.696847370486146e+03
139 5 -4.696847370486146e+03
5 140 -2.392188851809649e+05
140 5 -2.392188851809649e+05
5 141  1.616987975786786e+04
141 5  1.616987975786786e+04
5 259 -1.666666666666676e+05
259 5 -1.666666666666676e+05
5 260  5.196911417398928e+05
260 5  5.196911417398928e+05
5 261  1.333333333333320e+05
261 5  1.333333333333320e+05
5 364 -7.136353262951382e+04
364 5 -7.136353262951382e+04
5 365  2.122770230454225e+05
365 5  2.122770230454225e+05
5 366  6.950320968879876e+04
366 5  6.950320968879876e+04
5 367  4.202373453522169e-10
367 5  4.202373453522169e-10
5 368 -9.549448133856207e+04
368 5 -9.549448133856207e+04
5 369  3.757483229721198e+03
369 5  3.757483229721198e+03
5 370 -8.949427865445614e-10
370 5 -8.949427865445614e-10
5 371  2.222933048291907e+05
371 5  2.222933048291907e+05
5 372  1.209209497481457e+05
372 5  1.209209497481457e+05
5 376 -3.104163092961854e+05
376 5 -3.104163092961854e+05
5 377 -3.229405037238537e+05
377 5 -3.229405037238537e+05
5 378 -3.236837376103762e+05
378 5 -3.236837376103762e+05
5 379  5.764627147405186e+05
379 5  5.764627147405186e+05
5 380 -2.172967939489814e+06
380 5 -2.172967939489814e+06
5 381 -5.888304190814743e+05
381 5 -5.888304190814743e+05
5 382 -3.416652519256944e+05
382 5 -3.416652519256944e+05
5 383 -1.032282868735690e+06
383 5 -1.032282868735690e+06
5 384 -2.869583604842658e+05
384 5 -2.869583604842658e+05
5 385  1.041629737048451e+04
385 5  1.041629737048451e+04
5 386  2.782433843001709e+05
386 5  2.782433843001709e+05
5 387  1.317395929778686e+05
387 5  1.317395929778686e+05
5 388  1.104163092961820e+05
388 5  1.104163092961820e+05
5 389  1.413756522630969e+05
389 5  1.413756522630969e+05
5 390  6.383012146213298e+04
390 5  6.383012146213298e+04
5 1066  1.475160627280056e+05
1066 5  1.475160627280056e+05
5 1067 -5.034455178113089e+05
1067 5 -5.034455178113089e+05
5 1068  2.085096383112008e+05
1068 5  2.085096383112008e+05
5 1069 -8.687901211099971e+04
1069 5 -8.687901211099971e+04
5 1070  3.811516803237954e+05
1070 5  3.811516803237954e+05
5 1071 -6.950320968879786e+04
1071 5 -6.950320968879786e+04
5 1072 -6.475602276623249e-10
1072 5 -6.475602276623249e-10
5 1073  1.950110304429970e+04
1073 5  1.950110304429970e+04
5 1074 -4.256435204297304e-10
1074 5 -4.256435204297304e-10
5 1075 -9.530313403715332e+04
1075 5 -9.530313403715332e+04
5 1076  3.962031371809708e+04
1076 5  3.962031371809708e+04
5 1077  6.950320968880106e+04
1077 5  6.950320968880106e+04
5 1078  2.859094526295144e+05
1078 5  2.859094526295144e+05
5 1079 -9.934187121649442e+04
1079 5 -9.934187121649442e+04
5 1080 -3.641910764453886e+04
1080 5 -3.641910764453886e+04
5 1081  1.009695622094909e+05
1081 5  1.009695622094909e+05
5 1082  4.476109663792762e+05
1082 5  4.476109663792762e+05
5 1083 -1.056004548742556e+05
1083 5 -1.056004548742556e+05
5 1084 -2.021234817233509e+04
1084 5 -2.021234817233509e+04
5 1085 -8.595573485558919e+04
1085 5 -8.595573485558919e+04
5 1086  2.182787284255028e-11
1086 5  2.182787284255028e-11
5 1252  9.721959349721728e-11
1252 5  9.721959349721728e-11
5 1253  1.147769616383493e+05
1253 5  1.147769616383493e+05
5 1254 -1.209053066666698e+04
1254 5 -1.209053066666698e+04
6 6  1.460143119651543e+06
6 13 -1.616987975786784e+04
13 6 -1.616987975786784e+04
6 14 -6.950321309120124e+04
14 6 -6.950321309120124e+04
6 15  7.905357888192934e+04
15 6  7.905357888192934e+04
6 22 -1.457613600000003e+04
22 6 -1.457613600000003e+04
6 23  1.616987975786782e+04
23 6  1.616987975786782e+04
6 24 -1.304738967439350e+05
24 6 -1.304738967439350e+05
6 25  8.833305277027801e+04
25 6  8.833305277027801e+04
6 26  4.092093147185398e+04
26 6  4.092093147185398e+04
6 27  1.443254955653108e+05
27 6  1.443254955653108e+05
6 139 -6.542386400000006e+04
139 6 -6.542386400000006e+04
6 140 -1.049678690879882e+04
140 6 -1.049678690879882e+04
6 141 -6.834825290884729e+04
141 6 -6.834825290884729e+04
6 259 -1.333333333333333e+05
259 6 -1.333333333333333e+05
6 260  1.333333333333320e+05
260 6  1.333333333333320e+05
6 261  3.894405113850693e+05
261 6  3.894405113850693e+05
6 364 -6.542386399999999e+04
364 6 -6.542386399999999e+04
6 365  6.950320968879874e+04
365 6  6.950320968879874e+04
6 366  6.065057801297820e+04
366 6  6.065057801297820e+04
6 367 -1.856599294056262e-10
367 6 -1.856599294056262e-10
6 368 -2.290918343694547e+04
368 6 -2.290918343694547e+04
6 369  4.000897973184046e+04
369 6  4.000897973184046e+04
6 370  8.333037896388265e+03
370 6  8.333037896388265e+03
6 371  1.209209497481457e+05
371 6  1.209209497481457e+05
6 372  1.937974595584260e+05
372 6  1.937974595584260e+05
6 376 -2.733322015405542e+05
376 6 -2.733322015405542e+05
6 377 -2.436837376103761e+05
377 6 -2.436837376103761e+05
6 378 -6.351095278434029e+05
378 6 -6.351095278434029e+05
6 379  4.611701717924107e+05
379 6  4.611701717924107e+05
6 380 -5.888304190814743e+05
380 6 -5.888304190814743e+05
6 381 -1.655035800942083e+06
381 6 -1.655035800942083e+06
6 382 -2.483330474369453e+05
382 6 -2.483330474369453e+05
6 383 -3.669583604842658e+05
383 6 -3.669583604842658e+05
6 384 -4.279665935356342e+05
384 6 -4.279665935356342e+05
6 385 -1.455191522836685e-10
385 6 -1.455191522836685e-10
6 386  1.317395929778685e+05
386 6  1.317395929778685e+05
6 387  1.970253188518787e+05
387 6  1.970253188518787e+05
6 388  8.833304743694527e+04
388 6  8.833304743694527e+04
6 389  6.383012146213300e+04
389 6  6.383012146213300e+04
6 390  1.126520976051373e+05
390 6  1.126520976051373e+05
6 1066  1.180128501824022e+05
1066 6  1.180128501824022e+05
6 1067  2.085096383112008e+05
1067 6  2.085096383112008e+05
6 1068 -4.158751480975925e+05
1068 6 -4.158751480975925e+05
6 1069 -6.950320968879860e+04
1069 6 -6.950320968879860e+04
6 1070 -6.950320968879786e+04
1070 6 -6.950320968879786e+04
6 1071  2.860103764670972e+05
1071 6  2.860103764670972e+05
6 1072 -1.616987853786793e+04
1072 6 -1.616987853786793e+04
6 1073 -4.176688287413393e-10
1073 6 -4.176688287413393e-10
6 1074 -2.704928530779568e+04
1074 6 -2.704928530779568e+04
6 1075 -6.790946933333340e+04
1075 6 -6.790946933333340e+04
6 1076  6.950320968880107e+04
1076 6  6.950320968880107e+04
6 1077  1.386710980133310e+05
1077 6  1.386710980133310e+05
6 1078  1.132316198712012e+05
1078 6  1.132316198712012e+05
6 1079 -1.164191076445390e+05
1079 6 -1.164191076445390e+05
6 1080  1.764707535379553e+05
1080 6  1.764707535379553e+05
6 1081  1.962715920000004e+05
1081 6  1.962715920000004e+05
6 1082 -2.560045487425557e+04
1082 6 -2.560045487425557e+04
6 1083  3.723006456550711e+04
1083 6  3.723006456550711e+04
6 1084  3.637978807091713e-12
1084 6  3.637978807091713e-12
6 1085  1.091393642127514e-11
1085 6  1.091393642127514e-11
6 1086 -1.193115673025321e+03
1086 6 -1.193115673025321e+03
6 1252  7.901707592566019e-11
1252 6  7.901707592566019e-11
6 1253  1.457613599999970e+04
1253 6  1.457613599999970e+04
6 1254 -2.714479109859384e+04
1254 6 -2.714479109859384e+04
7 7  1.000000000000000e+36
7 8 -2.373649641659730e+05
8 7 -2.373649641659730e+05
7 9  5.719668667518285e+05
9 7  5.719668667518285e+05
7 10  8.530419622769809e+04
10 7  8.530419622769809e+04
7 11 -2.040106555416270e+04
11 7 -2.040106555416270e+04
7 12 -6.965418592961818e+04
12 7 -6.965418592961818e+04
7 16  2.387386715490155e+05
16 7  2.387386715490155e+05
7 17  1.079460754431283e+05
17 7  1.079460754431283e+05
7 18  4.886589157037970e+04
18 7  4.886589157037970e+04
7 19 -3.979774415351784e+04
19 7 -3.979774415351784e+04
7 20 -8.942950583851399e+04
20 7 -8.942950583851399e+04
7 21 -1.034581407038188e+04
21 7 -1.034581407038188e+04
7 79  3.327623407731664e+04
79 7  3.327623407731664e+04
7 80  1.000000000000001e+05
80 7  1.000000000000001e+05
7 81  7.213554812246725e+04
81 7  7.213554812246725e+04
7 82 -2.290144012088466e+05
82 7 -2.290144012088466e+05
7 83 -1.057050072883371e+04
83 7 -1.057050072883371e+04
7 84  1.632085259628478e+04
84 7  1.632085259628478e+04
7 292  5.238231477014381e+05
292 7  5.238231477014381e+05
7 293 -1.666666600993191e+05
293 7 -1.666666600993191e+05
7 294  1.333333333333333e+05
294 7  1.333333333333333e+05
7 874  3.653393782531246e+05
874 7  3.653393782531246e+05
7 875 -8.706772579362802e+04
875 7 -8.706772579362802e+04
7 876 -6.965418407038201e+04
876 7 -6.965418407038201e+04
7 877 -4.720498522229440e+05
877 7 -4.720498522229440e+05
7 878  1.482709241529744e+05
878 7  1.482709241529744e+05
7 879  2.089625572629516e+05
879 7  2.089625572629516e+05
7 880 -2.183799753362786e+06
880 7 -2.183799753362786e+06
7 881  5.791216371290261e+05
881 7  5.791216371290261e+05
7 882 -5.906556181721246e+05
882 7 -5.906556181721246e+05
7 883  4.085262555327128e+05
883 7  4.085262555327128e+05
7 884  1.187792161039593e+05
884 7  1.187792161039593e+05
7 885 -1.107522955869299e+05
885 7 -1.107522955869299e+05
7 886  2.210484633226893e+05
886 7  2.210484633226893e+05
7 887 -7.723716015062164e+04
887 7 -7.723716015062164e+04
7 888  6.965418407038199e+04
888 7  6.965418407038199e+04
7 889 -7.983055296119837e+04
889 7 -7.983055296119837e+04
7 890 -2.040106196233677e+04
890 7 -2.040106196233677e+04
7 891  2.647608724031861e-11
891 7  2.647608724031861e-11
7 1177  2.381886765346269e+05
1177 7  2.381886765346269e+05
7 1178 -1.421225679223426e-03
1178 7 -1.421225679223426e-03
7 1179  1.254688803454558e+05
1179 7  1.254688803454558e+05
7 1180 -3.518139956583914e+05
1180 7 -3.518139956583914e+05
7 1181 -3.079460700449552e+05
1181 7 -3.079460700449552e+05
7 1182 -3.418755197742980e+05
1182 7 -3.418755197742980e+05
7 1183 -9.925567527452662e+05
1183 7 -9.925567527452662e+05
7 1184 -3.317843032093006e+05
1184 7 -3.317843032093006e+05
7 1185 -2.754635634074262e+05
1185 7 -2.754635634074262e+05
7 1186  2.709591817940807e+05
1186 7  2.709591817940807e+05
7 1187  7.946082463240295e+03
1187 7  7.946082463240295e+03
7 1188  1.288658870896204e+05
1188 7  1.288658870896204e+05
7 1189  1.387882173483439e+05
1189 7  1.387882173483439e+05
7 1190  1.079460714661807e+05
1190 7  1.079460714661807e+05
7 1191  6.367914807038186e+04
1191 7  6.367914807038186e+04
7 1192 -9.171534694640775e+04
1192 7 -9.171534694640775e+04
7 1193 -1.443177481724973e-11
1193 7 -1.443177481724973e-11
7 1194  8.456404990645060e+03
1194 7  8.456404990645060e+03
7 1525  4.061772976046112e+04
1525 7  4.061772976046112e+04
7 1526 -8.942950509481944e+04
1526 7 -8.942950509481944e+04
7 1527  6.965418407038187e+04
1527 7  6.965418407038187e+04
7 1531  1.593262656196608e+04
1531 7  1.593262656196608e+04
7 1532  6.548361852765083e-11
1532 7  6.548361852765083e-11
7 1533  1.455191522836685e-11
1533 7  1.455191522836685e-11
7 1534 -8.228687580175768e+04
1534 7 -8.228687580175768e+04
7 1535  2.682885173051807e+05
1535 7  2.682885173051807e+05
7 1536 -3.414929915628250e+04
1536 7 -3.414929915628250e+04
7 1540  1.053320074451646e+05
1540 7  1.053320074451646e+05
7 1541  1.455191522836685e-11
1541 7  1.455191522836685e-11
7 1542 -1.481325810666886e+04
1542 7 -1.481325810666886e+04
8 8  1.000000000000000e+36
8 9 -1.898919741049426e+05
9 8 -1.898919741049426e+05
8 10  1.293226777917068e+04
10 8  1.293226777917068e+04
8 11  2.498688866895202e+05
11 8  2.498688866895202e+05
8 12  1.034581407038192e+04
12 8  1.034581407038192e+04
8 16  7.461274210979498e+04
16 8  7.461274210979498e+04
8 17  7.821376788683140e+04
17 8  7.821376788683140e+04
8 18  5.333333333333337e+04
18 8  5.333333333333337e+04
8 19 -8.942950583851397e+04
19 8 -8.942950583851397e+04
8 20 -3.979774415351784e+04
20 8 -3.979774415351784e+04
8 21  1.481325583333554e+04
21 8  1.481325583333554e+04
8 79  6.666666666666673e+04
79 8  6.666666666666673e+04
8 80  5.111720189519806e+04
80 8  5.111720189519806e+04
8 81  5.969018874070551e+04
81 8  5.969018874070551e+04
8 82  2.276283260449964e+04
82 8  2.276283260449964e+04
8 83 -6.543268605967041e+04
83 8 -6.543268605967041e+04
8 84 -6.814658916666888e+04
84 8 -6.814658916666888e+04
8 292 -1.666666600993191e+05
292 8 -1.666666600993191e+05
8 293  1.857119875499902e+05
293 8  1.857119875499902e+05
8 294 -1.333333333333334e+05
294 8 -1.333333333333334e+05
8 874 -8.706772626736993e+04
874 8 -8.706772626736993e+04
8 875  3.595502770324646e+05
875 8  3.595502770324646e+05
8 876 -6.965418407038203e+04
876 8 -6.965418407038203e+04
8 877  4.827092415297436e+04
877 8  4.827092415297436e+04
8 878 -1.051362757774448e+06
878 8 -1.051362757774448e+06
8 879  3.861674252590297e+04
879 8  3.861674252590297e+04
8 880  5.791216371290260e+05
880 8  5.791216371290260e+05
8 881 -1.016817536560808e+06
881 8 -1.016817536560808e+06
8 882  4.632973165801000e+05
882 8  4.632973165801000e+05
8 883  1.877921610395922e+04
883 8  1.877921610395922e+04
8 884 -8.375881973736214e+03
884 8 -8.375881973736214e+03
8 885  2.044397692933357e+05
885 8  2.044397692933357e+05
8 886 -7.723716062436352e+04
886 8 -7.723716062436352e+04
8 887  6.315670380648271e+04
887 8  6.315670380648271e+04
8 888 -6.814659550666450e+04
888 8 -6.814659550666450e+04
8 889  1.293227184473847e+04
889 8  1.293227184473847e+04
8 890  8.671257573540408e+04
890 8  8.671257573540408e+04
8 891 -5.622218841949608e-11
891 8 -5.622218841949608e-11
8 1177 -9.474837752350140e-04
1177 8 -9.474837752350140e-04
8 1178  8.827228165607509e+04
1178 8  8.827228165607509e+04
8 1179  6.356867490282173e+03
1179 8  6.356867490282173e+03
8 1180 -2.079460700449552e+05
1180 8 -2.079460700449552e+05
8 1181 -2.564988964041427e+05
1181 8 -2.564988964041427e+05
8 1182 -1.854274378987146e+05
1182 8 -1.854274378987146e+05
8 1183 -2.317843032093006e+05
1183 8 -2.317843032093006e+05
8 1184 -3.427468329351023e+05
1184 8 -3.427468329351023e+05
8 1185 -1.663568611432355e+05
1185 8 -1.663568611432355e+05
8 1186  7.946082936982188e+03
1186 8  7.946082936982188e+03
8 1187  9.379655508229113e+04
1187 8  9.379655508229113e+04
8 1188 -1.818989403545856e-11
1188 8 -1.818989403545856e-11
8 1189  7.461273765910545e+04
1189 8  7.461273765910545e+04
8 1190  7.662024143253846e+04
1190 8  7.662024143253846e+04
8 1191  5.969019447656871e+04
1191 8  5.969019447656871e+04
8 1192 -1.818989403545856e-11
1192 8 -1.818989403545856e-11
8 1193 -1.062802072592329e+04
1193 8 -1.062802072592329e+04
8 1194 -1.818989403545856e-11
1194 8 -1.818989403545856e-11
8 1525 -8.942950509481944e+04
1525 8 -8.942950509481944e+04
8 1526  4.061772976046124e+04
1526 8  4.061772976046124e+04
8 1527 -6.518673782666892e+04
1527 8 -6.518673782666892e+04
8 1531  4.894623080531269e-11
1531 8  4.894623080531269e-11
8 1532  1.053621321338135e+05
1532 8  1.053621321338135e+05
8 1533  1.034581473704847e+04
1533 8  1.034581473704847e+04
8 1534  2.682885173051807e+05
1534 8  2.682885173051807e+05
8 1535 -8.228687580175779e+04
1535 8 -8.228687580175779e+04
8 1536  2.521441596961607e+04
1536 8  2.521441596961607e+04
8 1540 -7.275957614183426e-12
1540 8 -7.275957614183426e-12
8 1541  1.590250187331731e+04
1541 8  1.590250187331731e+04
8 1542 -3.637978807091713e-12
1542 8 -3.637978807091713e-12
9 9  1.000000000000000e+36
9 10 -6.965418592961816e+04
10 9 -6.965418592961816e+04
9 11 -1.632085259628475e+04
11 9 -1.632085259628475e+04
9 12  7.873571227127002e+04
12 9  7.873571227127002e+04
9 16  7.553255823704638e+04
16 9  7.553255823704638e+04
9 17  8.000000000000006e+04
17 9  8.000000000000006e+04
9 18  6.645383453272797e+04
18 9  6.645383453272797e+04
9 19  1.632085259628479e+04
19 9  1.632085259628479e+04
9 20 -1.185341083333115e+04
20 9 -1.185341083333115e+04
9 21 -1.392921045373123e+05
21 9 -1.392921045373123e+05
9 79  4.546888145580058e+04
79 9  4.546888145580058e+04
9 80  8.635685540737218e+04
80 9  8.635685540737218e+04
9 81  1.476503729235351e+05
81 9  1.476503729235351e+05
9 82 -1.034581407038192e+04
82 9 -1.034581407038192e+04
9 83 -6.814658916666888e+04
83 9 -6.814658916666888e+04
9 84 -6.543268605967042e+04
84 9 -6.543268605967042e+04
9 292  1.333333333333334e+05
292 9  1.333333333333334e+05
9 293 -1.333333333333334e+05
293 9 -1.333333333333334e+05
9 294  4.033884203763433e+05
294 9  4.033884203763433e+05
9 874 -6.965418407038201e+04
874 9 -6.965418407038201e+04
9 875 -6.965418407038205e+04
875 9 -6.965418407038205e+04
9 876  2.922667744692262e+05
876 9  2.922667744692262e+05
9 877  2.089625572629516e+05
877 9  2.089625572629516e+05
9 878  1.186167425259030e+05
878 9  1.186167425259030e+05
9 879 -4.176022234442484e+05
879 9 -4.176022234442484e+05
9 880 -5.906556181721246e+05
880 9 -5.906556181721246e+05
9 881  4.632973165801000e+05
881 9  4.632973165801000e+05
9 882 -1.701668923142212e+06
882 9 -1.701668923142212e+06
9 883 -3.075229558692979e+04
883 9 -3.075229558692979e+04
9 884  2.044397692933357e+05
884 9  2.044397692933357e+05
9 885  2.229008096172370e+04
885 9  2.229008096172370e+04
9 886  6.965418407038201e+04
886 9  6.965418407038201e+04
9 887 -6.814659550666451e+04
887 9 -6.814659550666451e+04
9 888  6.315670380648274e+04
888 9  6.315670380648274e+04
9 889  2.182787284255028e-11
889 9  2.182787284255028e-11
9 890 -5.093170329928398e-11
890 9 -5.093170329928398e-11
9 891  1.529338394267870e+03
891 9  1.529338394267870e+03
9 1177  1.254688803454558e+05
1177 9  1.254688803454558e+05
9 1178  6.356867490282137e+03
1178 9  6.356867490282137e+03
9 1179  2.014431711327526e+05
1179 9  2.014431711327526e+05
9 1180 -2.618755197742980e+05
1180 9 -2.618755197742980e+05
9 1181 -2.654274378987146e+05
1181 9 -2.654274378987146e+05
9 1182 -6.507657567819345e+05
1182 9 -6.507657567819345e+05
9 1183 -3.554635634074262e+05
1183 9 -3.554635634074262e+05
9 1184 -2.463568611432356e+05
1184 9 -2.463568611432356e+05
9 1185 -4.051328869288109e+05
1185 9 -4.051328869288109e+05
9 1186  1.288658870896203e+05
1186 9  1.288658870896203e+05
9 1187 -1.455191522836685e-11
1187 9 -1.455191522836685e-11
9 1188  1.958633601437703e+05
1188 9  1.958633601437703e+05
9 1189  6.367914807038187e+04
1189 9  6.367914807038187e+04
9 1190  8.635686114323538e+04
1190 9  8.635686114323538e+04
9 1191  1.101326037186107e+05
1191 9  1.101326037186107e+05
9 1192 -1.821026167602159e+04
1192 9 -1.821026167602159e+04
9 1193 -2.042262623068376e-11
1193 9 -2.042262623068376e-11
9 1194  4.388925367975311e+04
1194 9  4.388925367975311e+04
9 1525  6.965418407038187e+04
1525 9  6.965418407038187e+04
9 1526 -6.518673782666890e+04
1526 9 -6.518673782666890e+04
9 1527  1.421620541616142e+05
1527 9  1.421620541616142e+05
9 1531  7.275957614183426e-12
1531 9  7.275957614183426e-12
9 1532 -1.632085192961821e+04
1532 9 -1.632085192961821e+04
9 1533 -3.366531260496603e+04
1533 9 -3.366531260496603e+04
9 1534 -1.141492991562825e+05
1534 9 -1.141492991562825e+05
9 1535  1.052144159696161e+05
1535 9  1.052144159696161e+05
9 1536  2.038582153390081e+05
1536 9  2.038582153390081e+05
9 1540  1.185340855999783e+04
1540 9  1.185340855999783e+04
9 1541  7.275957614183426e-12
1541 9  7.275957614183426e-12
9 1542 -3.377074901523671e+04
1542 9 -3.377074901523671e+04
10 10  1.000000000000000e+36
10 11  4.832470900408779e+05
11 10  4.832470900408779e+05
10 12 -3.699569568391192e+04
12 10 -3.699569568391192e+04
10 19  2.500474053548388e+05
19 10  2.500474053548388e+05
10 20  7.091293586791381e+04
20 10  7.091293586791381e+04
10 21 -8.446744176295373e+04
21 10 -8.446744176295373e+04
10 82  5.703836315762502e+04
82 10  5.703836315762502e+04
10 83 -6.666666666666670e+04
83 10 -6.666666666666670e+04
10 84 -6.119778550365477e+04
84 10 -6.119778550365477e+04
10 196 -6.370366551150181e+04
196 10 -6.370366551150181e+04
10 197 -2.276283260449963e+04
197 10 -2.276283260449963e+04
10 198  6.965418592961825e+04
198 10  6.965418592961825e+04
10 292  9.193825282252037e+04
292 10  9.193825282252037e+04
10 293  1.666666600993192e+05
293 10  1.666666600993192e+05
10 294  1.333333333333334e+05
294 10  1.333333333333334e+05
10 874 -6.964393578171076e+05
874 10 -6.964393578171076e+05
10 875 -6.610823491642097e+05
875 10 -6.610823491642097e+05
10 876 -3.876680977022878e+05
876 10 -3.876680977022878e+05
10 877 -4.744434635610578e+05
877 10 -4.744434635610578e+05
10 878 -1.183957425136925e+05
878 10 -1.183957425136925e+05
10 879  2.212944555987567e+05
879 10  2.212944555987567e+05
10 880  5.571210748958103e+04
880 10  5.571210748958103e+04
10 881  7.959893656664441e+04
881 10  7.959893656664441e+04
10 882  6.367914926295146e+04
882 10  6.367914926295146e+04
10 883  8.439631522574340e+04
883 10  8.439631522574340e+04
10 884 -7.649722989445635e+04
884 10 -7.649722989445635e+04
10 885 -6.119778829951794e+04
885 10 -6.119778829951794e+04
10 886  8.925009764063767e+04
886 10  8.925009764063767e+04
10 887  9.474837788729928e-04
887 10  9.474837788729928e-04
10 888 -7.864456053999489e+03
888 10 -7.864456053999489e+03
10 889 -2.782795711230412e+05
889 10 -2.782795711230412e+05
10 890  2.098305622803060e+05
890 10  2.098305622803060e+05
10 891  1.914578196912797e+05
891 10  1.914578196912797e+05
10 1267  5.782669965481533e+04
1267 10  5.782669965481533e+04
10 1268  7.723716062436334e+04
1268 10  7.723716062436334e+04
10 1269  6.965418407038174e+04
1269 10  6.965418407038174e+04
10 1465 -9.443569690633893e+03
1465 10 -9.443569690633893e+03
10 1466 -5.458537429555868e-12
1466 10 -5.458537429555868e-12
10 1467 -7.294158763975220e-11
1467 10 -7.294158763975220e-11
10 1525  3.097739642953987e+05
1525 10  3.097739642953987e+05
10 1526  1.709129238937462e+05
1526 10  1.709129238937462e+05
10 1527 -4.467446243712868e+03
1527 10 -4.467446243712868e+03
10 1528  9.000689915529432e+04
1528 10  9.000689915529432e+04
10 1529 -1.851657592834753e+04
1529 10 -1.851657592834753e+04
10 1530 -4.630098824520662e-11
1530 10 -4.630098824520662e-11
10 1531 -1.063602325386003e+06
1531 10 -1.063602325386003e+06
10 1532 -3.836517348794505e+05
1532 10 -3.836517348794505e+05
10 1533  2.578697699259075e+05
1533 10  2.578697699259075e+05
10 1534  1.637266404766809e+05
1534 10  1.637266404766809e+05
10 1535  8.942950557184737e+04
1535 10  8.942950557184737e+04
10 1536 -8.446744336962032e+04
1536 10 -8.446744336962032e+04
10 1543 -1.098269912447179e+04
1543 10 -1.098269912447179e+04
10 1544 -1.319491202034966e+04
1544 10 -1.319491202034966e+04
10 1545 -2.089625572629516e+05
1545 10 -2.089625572629516e+05
11 11  1.000000000000000e+36
11 12  3.764066383184973e+05
12 11  3.764066383184973e+05
11 19  1.042462692012472e+05
19 11  1.042462692012472e+05
11 20  7.752409162452517e+04
20 11  7.752409162452517e+04
11 21 -8.000000000000004e+04
21 11 -8.000000000000004e+04
11 82 -1.000000000000000e+05
82 11 -1.000000000000000e+05
11 83  4.295092884356491e+04
83 11  4.295092884356491e+04
11 84  7.660298988542086e+04
84 11  7.660298988542086e+04
11 196  1.057050072883373e+04
196 11  1.057050072883373e+04
11 197 -2.229628292902558e+05
197 11 -2.229628292902558e+05
11 198  1.185341083333112e+04
198 11  1.185341083333112e+04
11 292  1.666666600993191e+05
292 11  1.666666600993191e+05
11 293  4.149982956391762e+05
293 11  4.149982956391762e+05
11 294  1.333333333333333e+05
294 11  1.333333333333333e+05
11 874 -6.610823491642096e+05
874 11 -6.610823491642096e+05
11 875 -1.807374369504869e+06
875 11 -1.807374369504869e+06
11 876 -5.254688803454561e+05
876 11 -5.254688803454561e+05
11 877 -1.839574251369241e+04
877 11 -1.839574251369241e+04
11 878 -1.052186279202031e+06
878 11 -1.052186279202031e+06
11 879 -1.471659080743045e+04
879 11 -1.471659080743045e+04
11 880  7.959893704038631e+04
880 11  7.959893704038631e+04
11 881  2.395109636621468e+05
881 11  2.395109636621468e+05
11 882  6.367914926295148e+04
882 11  6.367914926295148e+04
11 883 -1.098305637015316e+05
883 11 -1.098305637015316e+05
11 884  1.492109021904377e+05
884 11  1.492109021904377e+05
11 885  6.814659144000213e+04
885 11  6.814659144000213e+04
11 886  1.421225664671510e-03
886 11  1.421225664671510e-03
11 887  2.422456366940232e+05
887 11  2.422456366940232e+05
11 888  1.299363265891689e+05
888 11  1.299363265891689e+05
11 889  3.098305622803061e+05
889 11  3.098305622803061e+05
11 890 -3.885825334821680e+05
890 11 -3.885825334821680e+05
11 891 -3.597452897002051e+05
891 11 -3.597452897002051e+05
11 1267  7.723716015062145e+04
1267 11  7.723716015062145e+04
11 1268  2.023934487918537e+05
1268 11  2.023934487918537e+05
11 1269  6.518673782666895e+04
1269 11  6.518673782666895e+04
11 1465 -9.239459113376699e-12
1465 11 -9.239459113376699e-12
11 1466 -8.877584340898973e+04
1466 11 -8.877584340898973e+04
11 1467  8.456404990645038e+03
1467 11  8.456404990645038e+03
11 1525  1.709129234200043e+05
1525 11  1.709129234200043e+05
11 1526  2.932277360533463e+05
1526 11  2.932277360533463e+05
11 1527  2.328306436538696e-10
1527 11  2.328306436538696e-10
11 1528  1.481675787872771e+04
1528 11  1.481675787872771e+04
11 1529 -7.678063605066310e+04
1529 11 -7.678063605066310e+04
11 1530 -1.072176094761142e-10
1530 11 -1.072176094761142e-10
11 1531 -4.836517348794506e+05
1531 11 -4.836517348794506e+05
11 1532 -5.352219378467012e+05
1532 11 -5.352219378467012e+05
11 1533  2.444674433696204e+05
1533 11  2.444674433696204e+05
11 1534  8.942950557184734e+04
1534 11  8.942950557184734e+04
11 1535  1.637266404766812e+05
1535 11  1.637266404766812e+05
11 1536 -8.446744336962044e+04
1536 11 -8.446744336962044e+04
11 1543 -1.131949120203497e+05
1543 11 -1.131949120203497e+05
11 1544  4.090886856503118e+05
1544 11  4.090886856503118e+05
11 1545 -9.734996903064279e+04
1545 11 -9.734996903064279e+04
12 12  1.000000000000000e+36
12 19 -5.780077509628703e+04
19 12 -5.780077509628703e+04
12 20 -5.333333333333336e+04
20 12 -5.333333333333336e+04
12 21  7.695442314586038e+04
21 12  7.695442314586038e+04
12 82 -8.786445217032147e+04
82 12 -8.786445217032147e+04
12 83  4.993632321875418e+04
83 12  4.993632321875418e+04
12 84  1.569583786125083e+05
84 12  1.569583786125083e+05
12 196  6.965418592961825e+04
196 12  6.965418592961825e+04
12 197 -1.481325583333555e+04
197 12 -1.481325583333555e+04
12 198 -6.370366551150176e+04
198 12 -6.370366551150176e+04
12 292  1.333333333333334e+05
292 12  1.333333333333334e+05
12 293  1.333333333333334e+05
293 12  1.333333333333334e+05
12 294  1.045117629961741e+05
294 12  1.045117629961741e+05
12 874 -3.876680977022877e+05
874 12 -3.876680977022877e+05
12 875 -5.254688803454561e+05
